1000
82
32
37
33
35
76
36
79
58
47
37
88
36
46
54
19
22
82
24
57
27
99
18
13
19
65
93
18
87
54
91
27
19
47
31
52
24
67
58
56
82
92
36
91
13
39
42
42
69
19
24
65
95
56
29
79
56
33
89
32
66
81
55
72
96
56
45
27
63
77
25
22
25
32
29
37
92
65
19
44
96
38
33
29
84
53
79
85
47
96
21
47
81
24
89
88
98
45
24
31
23
31
14
68
85
77
41
69
23
24
49
79
37
66
96
32
33
41
21
83
26
44
87
79
54
65
28
59
25
34
18
63
67
89
83
58
69
18
62
49
92
27
46
34
83
67
15
48
54
12
99
49
58
81
47
76
56
49
69
14
18
29
22
26
47
41
32
83
36
83
56
39
31
53
72
17
19
49
17
49
14
74
52
85
91
87
24
78
11
17
15
55
61
12
54
21
15
67
14
16
74
25
36
94
54
34
43
95
61
36
94
94
13
35
69
99
66
68
58
86
74
54
97
11
53
17
18
17
24
64
29
25
38
19
17
74
14
38
28
89
22
56
24
79
13
21
49
81
54
82
46
68
92
29
27
95
75
28
65
39
66
13
25
87
38
79
81
54
85
78
36
66
84
54
57
45
22
37
67
49
75
65
65
36
31
19
14
15
71
49
27
57
62
92
88
91
12
73
61
43
29
44
18
93
74
57
69
62
11
84
66
17
97
76
98
42
94
75
52
65
61
93
77
83
13
21
87
21
26
61
77
67
43
56
89
28
83
91
35
36
75
74
13
29
64
52
33
81
82
21
18
12
97
83
15
24
54
58
18
35
89
11
77
17
64
73
22
64
18
89
19
98
89
36
49
48
43
28
55
47
94
76
31
19
79
83
33
58
47
74
38
91
79
97
32
96
32
47
31
82
72
71
75
45
59
55
15
42
26
34
47
27
23
69
72
37
42
37
55
61
31
87
26
24
94
74
95
56
15
17
57
26
58
71
87
37
39
71
52
31
43
36
59
65
62
18
31
36
13
47
19
87
12
57
49
54
31
16
27
32
83
37
48
89
71
44
31
33
15
76
65
92
84
53
93
79
26
39
43
76
46
69
52
67
19
91
95
94
76
71
86
93
31
53
35
46
35
79
58
33
87
92
48
69
18
59
55
38
82
64
63
49
24
64
49
43
17
61
48
84
21
58
11
25
28
98
44
29
32
31
65
72
45
29
61
38
89
64
82
34
45
16
61
66
26
17
89
74
45
73
51
51
48
86
76
47
17
72
46
71
69
25
88
53
61
82
62
82
63
44
99
48
21
25
37
56
23
21
88
84
18
89
17
39
42
58
14
45
81
75
25
26
68
86
26
21
29
79
13
36
33
97
42
56
77
18
84
31
99
91
23
43
26
16
86
29
34
21
29
49
21
77
77
35
95
45
98
69
14
24
42
83
47
21
47
42
57
66
33
82
44
57
72
83
83
16
53
75
56
67
14
35
73
99
84
95
81
31
46
43
32
38
28
28
78
11
37
94
19
74
94
67
12
76
78
73
18
95
98
25
53
34
72
51
38
32
58
95
23
86
76
44
26
22
66
78
64
26
39
93
67
11
68
51
99
81
92
27
97
34
76
65
76
22
54
83
53
85
57
63
32
43
99
18
23
79
71
35
27
14
99
38
99
44
89
82
72
64
47
16
99
22
88
45
48
62
96
42
38
48
51
26
95
98
45
35
74
38
65
93
75
19
24
72
38
32
46
62
38
69
74
41
51
37
97
88
13
53
78
33
18
26
95
23
44
18
32
65
98
96
97
58
12
52
75
21
33
62
68
18
34
42
35
92
47
61
65
15
22
33
46
84
86
13
13
94
45
91
78
17
35
78
18
34
64
98
73
49
27
22
52
36
66
22
63
14
26
91
85
68
29
15
42
62
16
94
29
85
31
18
86
97
24
72
67
96
53
76
51
33
78
51
43
45
99
16
19
23
47
24
38
49
27
16
59
37
71
86
95
45
74
41
13
38
86
34
15
16
89
42
23
65
22
55
97
64
23
26
33
85
75
23
68
12
17
28
18
44
44
94
47
82
29
61
38
55
68
21
11
13
94
23
46
34
23
84
92
35
89
28
49
59
68
95
77
65
65
99
77
43
77
93
35
76
33
66
92
69
94
88
76
48
76
67
37
82
97
46
92
99
21
62
19
47
82
91
27
44
88
32
14
37
66
27
67
21
36
11
94
17
28
14
17
76
47
21
29
66
33
65
54
46
68
23
55
32
75
57
11
68