1000
85
53
67
11
73
25
14
19
26
15
89
82
65
35
29
52
35
34
42
98
33
55
44
38
12
15
56
43
34
26
82
62
36
84
93
76
73
39
72
27
22
19
64
27
51
35
77
29
44
29
35
18
85
68
19
34
15
32
36
31
67
85
31
73
24
31
81
63
36
47
31
44
93
97
42
35
56
56
14
34
19
68
28
56
14
87
35
86
98
15
37
58
88
44
21
18
31
91
58
68
31
43
78
76
88
66
46
64
41
71
87
59
15
55
35
32
67
85
48
74
83
12
92
37
29
99
44
97
69
46
74
89
44
43
86
14
66
88
12
83
26
47
61
11
19
81
94
97
87
35
63
69
22
79
88
38
33
95
54
83
14
42
97
34
14
59
78
44
68
46
23
78
79
41
81
83
74
68
66
88
56
99
98
11
96
89
12
83
89
66
42
55
67
54
92
42
52
23
18
36
69
19
35
23
72
99
89
18
77
69
42
39
63
72
47
92
84
68
53
42
54
55
71
87
19
45
91
77
13
15
91
86
73
71
39
53
11
99
55
55
64
86
94
49
17
25
49
52
93
96
34
46
66
88
43
62
56
74
88
89
77
74
76
86
94
17
75
77
67
88
89
33
27
31
17
88
94
12
79
72
49
99
16
48
18
16
92
51
69
39
86
45
83
41
92
49
65
95
42
35
41
59
81
41
14
67
69
64
11
15
73
12
89
87
93
99
24
36
37
36
42
63
18
84
69
85
91
28
31
21
87
38
83
14
59
91
79
94
45
49
89
27
66
45
18
51
82
23
85
41
14
78
64
55
56
92
32
11
96
38
45
59
84
89
31
65
75
67
27
48
18
22
51
83
37
97
83
84
81
84
31
26
24
79
52
51
95
17
92
24
61
31
63
98
17
44
24
63
89
15
76
58
89
66
77
92
89
84
22
39
46
21
67
44
31
94
87
56
16
16
16
48
11
59
37
82
38
16
54
69
59
69
48
59
27
77
16
19
72
24
49
53
14
81
95
11
13
12
53
86
35
28
64
12
86
57
22
48
96
86
19
35
98
93
41
92
93
19
62
38
87
38
84
85
32
17
16
17
37
97
29
63
22
49
12
77
24
39
72
19
12
13
98
25
14
44
86
28
99
79
24
93
46
17
79
12
46
58
52
22
94
47
13
15
51
78
32
12
75
75
41
27
12
96
74
87
97
51
12
81
33
59
23
12
39
73
45
65
14
51
95
25
57
29
94
24
45
32
88
39
47
82
71
92
97
93
42
27
37
14
83
14
48
18
29
12
19
73
25
19
43
61
98
25
86
91
96
37
99
58
73
37
19
28
41
75
97
84
55
52
55
14
75
56
44
47
35
14
47
62
18
77
28
22
24
62
66
59
52
68
33
85
31
98
79
24
78
78
29
27
42
66
37
78
72
43
71
35
41
62
72
16
78
75
47
75
23
92
78
89
14
32
32
99
64
32
18
25
53
39
16
81
51
89
99
78
92
44
78
54
67
47
17
91
35
83
17
64
48
57
87
41
25
42
28
58
27
69
11
51
15
74
56
45
93
38
17
42
66
65
69
11
85
26
63
64
92
46
14
45
62
45
62
19
99
25
86
82
92
48
69
69
11
39
95
67
47
97
12
89
93
74
82
48
96
87
41
89
17
46
47
64
56
47
96
72
17
84
87
95
45
14
71
88
93
49
37
28
74
14
74
58
84
17
68
86
99
97
51
22
96
62
19
51
32
51
64
14
63
57
55
96
34
31
84
77
36
23
97
86
74
66
23
13
99
25
28
85
18
36
38
48
88
58
62
66
13
45
37
75
58
34
53
73
48
24
46
53
53
13
18
38
52
77
27
27
81
39
94
53
81
68
67
16
25
87
56
52
11
29
76
62
78
54
54
54
57
83
71
66
31
38
97
25
64
79
19
95
26
13
23
41
61
67
86
86
97
77
25
49
96
44
65
58
72
39
89
56
38
97
21
51
19
32
46
23
14
44
46
33
67
59
41
58
36
25
92
41
68
35
11
18
44
25
97
27
25
77
46
56
49
76
38
68
66
13
11
35
56
31
72
41
84
48
62
68
71
73
96
31
58
51
73
55
85
26
24
39
29
98
53
82
58
32
11
96
23
24
83
87
15
94
53
18
67
25
41
68
73
37
32
23
82
41
45
75
21
43
26
75
38
53
86
63
66
34
48
53
36
85
12
79
47
94
21
78
34
28
86
38
75
67
88
93
74
27
88
74
74
76
78
11
93
99
77
54
18
14
28
25