14 495
3229596
4776700
4251730
2465087
4292258
157857
3254746
4763479
3623007
3666258
4394490
3197756
3070160
18129
4062901
1436467
1581257
1945991
3977432
412824
4624721
1375914
1209336
4293585
3558769
1188205
4389155
758008
3297603
287914
1540029
136976
154280
3193094
4676056
3075143
4409063
4420548
10287
466746
4392097
1946809
3675802
478341
1011975
120066
4442607
152483
4724741
1111134
1028675
1576644
3850456
2820060
1419122
6412
3663124
4737557
17566
171254
3205464
3498579
175631
4422668
1616276
57940
131876
226761
4253042
4246819
1350497
2398264
3324287
1535945
1064634
1540136
1199782
404240
3261748
3542980
656
4422288
878365
4776437
3305408
1400771
4778576
1194980
1176782
372184
3306821
168823
3229691
2605919
2238519
1464359
4058165
1239984
108689
2549267
2184
140288
122505
1881612
1180986
2334629
4252781
1554086
1459450
4768235
3668012
4688488
4732177
1430879
27803
1108096
373120
3247284
1267264
4375861
4782828
360686
1136134
3241844
4413294
57414
4194634
3714161
4304715
1588157
1231885
3706791
4424225
4144847
367499
4664520
3330740
3196013
4416167
1548697
749011
3287410
4657032
59044
407613
3203532
410147
1433960
2595832
408669
1677072
3307458
3377472
1186079
1413217
4611367
67973
3278706
1182566
3203840
4739051
3544438
132673
17662
579649
4737707
3596655
4747960
1567136
3547372
4322705
1107123
3705307
3714946
407337
520059
4389115
1199003
4605859
3201917
4410342
1189282
1226211
1866515
3680720
123020
1233504
4564129
3783291
4769812
3556132
3221432
3710330
3701134
2894847
131240
3215094
3600292
196495
4659837
3229538
39690
1455175
1588908
4291243
4297438
411882
3326198
1238081
487687
656699
1456436
3191786
1462801
364947
531019
395828
1578968
3876688
1241449
1551995
41603
1187000
144739
4043919
4728492
3341786
3007037
354332
4725144
1098144
3241558
487657
135693
1290210
4771876
4648879
4330263
3360102
4264724
421328
775297
1117514
1435934
4409439
4620458
3673356
82140
4621599
3140798
4725924
1549108
4427830
1062896
172690
3228619
1959730
3912432
494812
1077965
1117128
475103
3188651
4384034
2884636
3234240
3561509
4554743
3265267
4610340
1448923
1073192
4487554
3400737
2741294
3545013
490382
1380280
408899
140960
3672589
1308253
1120794
3544573
4742672
4375948
1560472
2187647
1548463
4309257
4649002
4778445
41189
57047
1150
895596
4619009
1870184
373424
1542962
4770834
4725065
4225915
1065010
3705116
3886329
4626563
3444286
461017
3203230
1470920
1064364
1118076
41027
1579065
153728
972797
3360628
3706761
3205043
1091160
4264855
398804
1423638
541838
1108189
1460762
1181973
3189455
1461055
158085
3600435
1500534
1238568
1190008
22751
56924
3299885
1432311
383433
1548401
58628
3884249
3226632
57326
1541346
3595538
3357894
4720977
1242130
4637859
373671
3612919
3951736
499583
3661211
3548014
982881
1535451
3247035
50258
3990427
3680041
3707071
785526
3599858
1740021
170781
3574028
123979
370051
1187267
1469830
1151613
4270556
3203906
4266258
356817
4674961
4508569
1080936
1419580
3303174
160904
517787
4610273
137423
3612547
87547
1593036
757799
45113
1535874
1112748
3774377
3697105
450878
1221061
176117
3700528
1061078
110322
1363986
39928
4558125
4420480
3591717
500544
604631
3354655
485975
358791
1343492
2420791
4388792
1435932
4410944
315492
3591283
510395
1185933
4423521
3395891
3174400
1075610
18008
1115906
3235129
3583982
3671445
119966
4312771
1131152
490707
1114526
360364
1117487
3579998
81082
1186897
1130092
3632918
4728012
1853682
257333
100005
3626865
304263
1554730
4269523
1043530
4236408
4262951
1099710
4599558
834956
4397391
71628
4660271
3718406
17736
1191631
1238104
486175
4387737
4646250
3602512
58840
2883990
140516
1806486
4371164
474487
1103842
4569949
4345211
1117029
157570
3595444
1103891
360671
1432361
1207591
41624
20376
3345195
4374636
3768257
3544233
3318432
1170989
1965191
3223275
4047531
3308710
