11 589
176617
158182
49365
171080
176621
133186
13334
13799
140992
6514
167110
68821
44416
57342
17290
44261
55404
164858
174674
22467
159169
1522
14902
1170
122531
101595
5050
38750
27198
56885
39398
18397
162787
31969
176725
14636
172811
6054
176793
2924
120134
11768
99647
121057
158164
48643
87736
94271
39406
176924
119757
23299
13781
88838
159529
175502
44390
154892
149671
121038
177096
48563
39983
131858
61497
124042
3611
39604
13307
111851
1950
159067
122542
175484
13725
19542
55421
157828
40306
78888
132758
3015
79118
45706
68966
53863
75983
54436
18024
15296
56569
122626
123426
8069
11754
162066
19643
152455
120219
13968
54344
3440
14258
50851
123641
2673
100063
54646
18152
4024
133862
171557
133236
129026
124084
4314
118120
55441
132091
1586
154244
4430
55692
15203
122622
52510
54556
116140
45386
123644
14606
120068
54656
54348
163433
159955
171304
56979
163241
159464
19514
55561
45872
27000
17046
119578
159528
54140
6488
160783
3300
165289
53140
122627
19372
32773
3981
85144
120278
159593
18309
163668
157682
154034
162483
162400
266
138267
77515
175127
171889
166884
175044
160425
53182
125977
174995
172118
14497
172607
976
118823
153334
84588
163996
43587
14645
4535
2011
48052
135744
175648
51800
159569
27969
119024
150136
170197
19498
44716
39760
58875
55800
52533
118838
254
137591
58340
24459
34346
170637
132854
133122
162335
177042
171098
167694
158285
141112
146598
45910
53291
9876
167600
8436
110382
5996
137749
123867
45582
4585
18633
119724
56594
120592
175637
33715
160554
142278
4931
3013
162202
121577
175584
40728
172865
2322
159421
46327
123188
45245
133307
101035
8448
44827
157947
56872
13879
43762
158996
120119
174538
126221
54205
129250
38542
5149
159832
41444
159574
166286
16191
3511
24523
19453
6046
162410
125545
40769
133382
45902
169762
5350
172247
103803
162219
136156
163365
22298
18445
86839
160959
171260
537
15281
10202
42160
122690
239
90298
145446
169289
131930
158531
34542
175664
118367
98500
4961
154007
45686
30651
49572
161582
1659
6256
56161
175414
39891
173342
133302
112968
15245
159432
172772
92401
58746
169645
131224
165552
134707
46405
53146
105367
14663
49991
122528
49453
56899
45485
177074
161612
162250
161853
45852
121435
58814
17307
176524
41534
56289
148539
144270
40080
201
132747
123936
113469
19491
136098
58363
569
166274
1296
121050
16088
133540
17872
164144
135993
172694
120287
162488
45733
164032
159475
16093
57047
24767
19075
13429
174722
40024
40895
19001
80014
1493
5624
131404
159535
171949
132971
135788
136300
136731
4904
143798
43772
176972
143224
5878
163311
58551
119539
175492
144951
163343
162579
124445
164502
123122
19648
43807
150527
53610
44444
123180
2822
1873
118666
157212
41229
123401
45908
137695
175482
118184
6183
163386
120664
170408
139298
68543
35420
41531
39955
133238
133184
101995
122516
172228
41492
12949
111889
43802
125401
144020
137236
119785
2916
161457
157069
33926
175096
31945
172547
2120
89361
45246
43033
6131
68570
58562
53192
48984
26128
119569
135886
119638
176812
70400
13277
163007
41500
161989
163746
94
122660
172189
157730
159485
134816
12985
132698
93359
49238
84948
143653
172118
56958
88706
53333
120214
39938
54466
59131
55314
28148
157508
19188
6358
131320
22540
14016
124076
4549
131918
55911
133269
118740
54440
131750
170864
176573
33365
159647
14667
162558
163831
162317
163355
160611
57305
123036
163811
160522
58934
119576
2151
45908
133340
172688
6457
6490
56867
58487
170728
11365
52665
118863
12120
117550
159596
25087
38295
87487
100367
137234
53159
57372
61515
176819
122490
45888
125132
159563
137780
6018
89605
93001
17863
22095
104002
176732
115716
58379
40352
133012
54996
163689
157628
12091
30268
118780
175966
52649
123143
158808
58544
54069
2317
21591
158118
161900
159422
119813
156168
129120
29716
