10000 10000
64547
25786
99183
4208
93162
61359
76200
71162
42019
1393
73922
92954
75561
38662
32390
12395
27420
70129
58408
62375
74658
63374
5036
1128
59081
44834
53847
45197
67272
13237
63495
9289
29325
28788
19243
35140
45004
49203
23904
11883
61691
22258
49952
66018
14332
66922
54871
8237
81626
47452
18496
84775
52355
25140
3599
16825
37930
77452
51854
63115
83702
68884
34087
60116
45017
58226
94002
42754
78666
24460
81597
68671
6686
72930
95330
33398
96212
22428
59875
87245
77777
95377
38233
63983
74227
20836
60200
19165
23327
28360
13000
94547
18319
55905
99215
17148
60401
87325
90346
87265
54431
83229
91210
22239
95167
67441
82198
7518
73711
60477
34989
12745
2599
97165
92096
45259
55271
99058
57342
14352
86606
37065
31612
34971
35973
5384
65534
77727
14686
82680
43651
99651
78965
80631
38516
90259
35954
81616
95877
33301
15858
65591
82367
74211
97307
91151
90359
71403
39348
61240
50091
79788
42168
70022
40023
98307
60401
75442
30340
96014
28052
6143
32170
73799
2071
14351
34701
31946
48675
32728
93388
80190
74372
47786
39572
43367
71479
98833
11941
3897
69376
45656
21430
45912
46626
5419
79448
74754
62659
32195
37329
16280
59643
70475
39009
48039
69806
1703
96347
17386
72601
76413
31693
44606
11498
40650
27876
7380
74788
57939
92525
88204
41176
15791
55027
20749
31491
95034
71007
38261
71881
12715
69373
83612
49479
77109
34262
47397
21928
46536
68141
11584
39772
52528
646
36928
44228
17274
36077
3682
14106
12798
54205
39080
94146
33654
56100
70166
65691
77798
76008
91331
9125
80705
87826
24395
60237
26572
38360
52280
88929
25316
3717
66332
29623
67928
21085
97019
19329
57510
40990
1579
63809
48039
36907
54862
13546
63941
34515
97960
38065
76502
31795
7939
5288
74781
78986
81852
94058
87389
26402
72713
45446
86595
70063
10072
75936
98739
16712
15473
72944
99648
86636
41281
96905
48477
80791
43469
56760
32700
29524
45733
41331
30695
59937
3623
45255
24111
20225
46661
21011
76224
44326
24593
7679
58247
84487
84661
32006
71192
56544
74507
41119
60309
34197
97338
6045
65920
93468
69225
95009
35160
26931
34579
87963
88880
81664
7401
26461
25249
81775
10369
26447
28974
11069
91000
35803
90636
80669
56314
34688
55030
3827
33074
77864
36819
67799
19790
15033
94126
14315
67794
44723
3646
60101
42906
26781
49212
4815
62706
78883
43786
99479
89824
14209
7578
25409
71742
88704
55103
4063
87185
63490
12211
24020
5284
56479
92162
67531
70321
93368
81294
78208
27291
95092
46440
63791
95113
27682
28058
20370
42946
92307
63229
4870
80053
80486
67796
25294
35578
86021
64783
80260
54481
94569
11357
2789
68887
40013
96096
88321
9868
61549
75046
39771
34872
35858
28298
58271
70302
31832
23505
1255
55987
15420
61910
23612
29080
8959
94990
50816
89066
47853
86944
84941
68117
18643
18622
75743
58377
30282
28925
6908
72810
67694
7514
52293
52668
93489
64591
61550
78743
93205
59039
15483
57608
45532
58156
89156
32194
38495
1597
91535
14039
60734
66866
5825
6638
87204
84197
27098
48167
93830
19056
94225
18881
93252
89644
87296
33481
55166
81558
52838
39332
48972
28486
86309
62126
55248
19285
60290
65791
22391
91162
43949
19179
29444
50791
7538
4982
964
67186
40426
86069
31397
20556
62305
30491
42298
32526
94582
90913
80807
85149
91549
47448
41004
51684
88691
30004
26526
52015
63863
50361
57575
52519
76178
48231
80325
35178
79021
54346
72474
1805
67527
42071
16413
79906
30823
8178
2632
15028
51525
28634
50573
70087
36306
80332
36408
74827
7241
20311
76501
4764
5009
95402
18697
32313
9027
11299
76367
48109
13824
6396
154
81914
28229
3625
6652
60596
98094
45544
5972
65381
44016
30230
42770
7184
64738
51020
6314
77688
54197
20367
12769
83133
88297
25747
82885
69958
70718
4441
40771
77568
84532
65135
29709
6933
87527
83059
59428
24289
83632
58116
99205
43007
83451
11526
63760
96685
99594
55676
28650
47567
14950
36380
52384
71967
5864
27783
92079
41587
92037
75569
43399
75829
19366
89725
44320
82405
73648
3581
96928
78266
90260
34510
60529
84388
76786
61737
15388
95715
37654
5296
27135
39832
12428
3190
75946
45802
24705
21086
56822
92087
18863
18056
87849
31664
78831
90922
68899
65400
83820
92146
14940
17165
20253
45719
4985
11362
90239
28579
17257
51090
38637
7150
24471
74579
3611
94309
61206
87193
43958
35198
38384
96643
97716
42763
70123
77411
25914
82291
50496
12492
93388
18202
71342
80033
35472
21197
46293
89305
46819
81184
65631
47732
31571
44630
50451
82674
56759
82663
67497
8182
44342
31659
78544
62077
6497
61189
62146
9989
1957
26371
58248
47087
95122
61403
59434
74565
61208
22110
72835
15357
97415
45877
70675
80969
75059
18855
9004
84536
74085
972
78697
90976
63763
84635
38941
72402
47154
43400
77684
97058
73546
17363
86
76789
84827
50725
74089
70704
13447
41532
64664
93911
44693
57196
96909
93274
51423
17090
50256
69722
6876
24123
34939
4814
60417
26670
26015
23256
48415
4318
50816
90672
9665
98249
49251
1899
63300
78540
94014
62371
15118
14660
15650
84594
12807
97132
66347
3742
84748
12570
19947
8340
67654
97551
57663
52541
66809
34715
23423
54452
11629
95280
4780
85783
2528
40632
17770
64303
38645
21727
36620
3306
24216
79919
52906
77761
46610
77895
94341
65051
93336
41091
4971
37720
82537
60178
38525
18015
82804
7633
84260
69618
52052
19205
63268
27639
46544
30215
95415
9227
39707
85049
52515
22275
30556
62949
86872
39140
65331
11463
26163
45169
29971
34807
79370
94986
59366
12767
31710
22707
45235
60519
35268
64891
64470
70093
8508
43357
24653
20478
46714
41003
1631
93337
46132
42005
58258
27929
12080
71121
45517
52765
33391
59133
10377
90208
47184
80659
7703
75689
87630
45376
62638
58108
45285
51860
55210
2820
15624
81545
29648
56629
54564
72454
99884
33300
17556
47380
94918
52808
79226
41086
44733
33900
72068
28203
15681
25782
67683
57507
16128
58075
46490
26842
47047
82823
2377
27799
33589
24034
40314
22628
46880
45515
96177
694
54976
73724
29635
35479
80276
30497
34587
15070
31340
11754
35294
29009
832
60921
71751
94628
72099
61023
61601
67439
23606
97277
54066
48395
12217
37271
9700
53124
66936
20060
76043
82723
82719
11312
11972
64037
88198
38997
54096
23179
53149
51327
62640
29691
57640
64284
21604
48462
72608
82750
11776
186
68059
33955
60556
18752
34421
83659
41560
19388
25287
61516
54806
64535
41279
85798
94923
75304
22146
51685
61612
10372
64195
7229
86793
21893
75822
15342
22883
67365
72958
21279
47999
49097
21470
86502
84696
89809
47192
54318
99670
98672
45410
99607
26011
28994
12060
35255
39914
88171
17881
44450
12873
5496
37356
92940
2021
83238
2368
4672
27952
85387
31572
85255
9030
6890
12045
14671
89155
90645
47999
29781
22195
46783
14904
26417
65516
80261
51785
63701
40415
54641
72209
88983
55783
84068
39299
44958
74145
48608
1073
44216
32667
7006
81192
76745
83642
32673
8785
36418
62019
96567
13442
67127
44843
11004
74217
18135
98542
24827
18256
47326
31400
90191
94140
42699
92211
39169
40137
21568
10531
85403
88568
55259
39015
61785
99608
8249
1565
17289
26977
66003
68949
76377
44736
72461
65504
29258
80610
44287
68457
87117
18016
4796
3829
23571
7865
81405
91157
66208
75874
97929
22886
47531
38976
630
51425
74615
61945
20276
18346
82068
44456
80389
70002
6239
80642
60859
36388
47988
99035
59320
68637
88473
32700
11562
15017
2539
49176
5946
95425
21755
68581
38367
8031
63575
81981
98118
9425
40255
10423
26330
1823
38352
65238
79478
85898
1176
81748
99759
88355
17075
18798
5059
85152
50987
66351
66848
66919
28793
36974
1456
28132
4183
49913
34758
38249
22403
91917
72214
15970
7713
13879
81949
12746
89185
79725
40203
93878
67678
22849
51377
16641
61045
99334
2127
84903
4292
59368
37502
38448
53159
21587
51756
18807
6732
55775
89868
87238
51880
50088
85284
26470
36769
91666
43396
33288
64433
65755
30008
26429
30889
71552
53580
63563
9671
20377
20963
41658
56394
418
53155
18687
48453
6261
66893
49244
38061
55257
95342
94315
32134
81695
1122
52503
68274
5902
19907
8625
33659
62990
65041
90596
5523
73104
65311
13174
61638
48711
784
70433
15189
41706
18235
32347
4333
66557
71362
29621
8747
17805
79020
66970
47019
12472
85118
92784
45745
62456
4004
56734
84322
60822
23117
3549
12173
3301
77823
91984
30072
85276
82791
63802
4676
75196
58727
55921
11968
74376
7955
68926
83525
28057
37927
93702
55940
84833
63727
64806
61861
89228
26982
62795
93543
77339
13539
16621
48667
1208
15809
28876
38175
82402
22238
74139
78877
18496
34530
4490
7864
384
64662
11926
13925
69158
42627
28788
55018
61760
42480
4903
30210
75327
75663
66937
46428
62384
78985
46424
52682
82294
89657
87705
26279
56626
26982
31500
61392
61385
6653
14813
51951
58908
79173
33240
44878
44217
93709
91644
43356
39620
16796
70552
70513
89755
13818
45474
39892
11768
39655
17933
94449
54842
79607
28637
26613
64323
28602
16357
87826
42835
75495
61511
60437
45871
43359
92733
70137
54533
49009
52778
12427
52649
81022
46043
85875
60492
64139
32324
55912
97380
91242
91767
60014
1207
22103
97255
88207
50272
39935
8872
19440
76239
68966
10415
2190
21428
87579
74866
16822
99261
92139
2106
17132
92155
85689
72488
7045
18797
90057
59103
4235
74059
35073
32202
91232
13666
60655
81545
70728
3751
10327
79081
24654
98269
95794
86728
16024
98944
91390
59911
35569
70514
93998
40659
61143
31055
12497
82053
71666
66056
79134
83876
39095
43793
33895
7030
96299
24823
9065
16727
55247
99469
57012
62879
13548
65922
88275
79185
77933
10961
26147
11169
14379
65315
95753
64008
95622
81793
57051
38806
38812
2366
16633
20345
26425
98703
63289
35831
24402
18214
8056
63583
17287
76119
91587
2729
963
84725
58399
65477
3597
25778
93977
51744
15029
80556
12039
52180
4587
53015
56364
7479
63130
89811
41720
51714
89845
96033
32691
70268
75942
55698
6676
52960
85538
8151
8603
53578
67530
58786
72245
51368
93855
12792
84787
45102
74928
56160
74122
48033
18178
69466
86720
36491
77044
93239
83854
28673
37874
87399
98222
34034
14566
37140
5739
21732
91771
9255
4315
36416
48662
94405
34230
5380
98479
54699
9160
51324
25556
34499
74573
50593
93258
23804
79737
14307
45436
91675
20264
11960
68113
34481
29732
32135
23354
98811
69920
88581
5611
73638
46100
69133
14333
9002
61011
5831
99575
43984
80483
51634
21284
86827
72234
53215
58153
62535
27668
80949
75374
3492
16834
55505
40116
73517
63171
45882
29437
94101
61956
4494
99947
14681
25117
77452
50057
71273
76296
53783
23921
6172
7485
79776
88957
41766
50126
15145
54253
98220
81051
58382
48399
3024
27553
24801
40581
43636
70458
2055
86731
85776
71431
97911
47452
76067
4016
75794
95987
40581
2069
23100
73322
52290
29585
32322
68373
58356
64552
6282
1672
7362
72878
31514
89280
72690
21224
17071
53900
39721
31600
58035
5996
14890
72684
51640
54638
52076
71465
2315
97862
25451
47533
74503
33203
84353
79825
94279
97318
80913
16647
62402
95066
70500
81028
48163
98828
92387
12370
88900
81439
69894
1914
59251
43235
84042
21776
58895
8709
43807
42645
15997
71973
7436
2471
94446
46730
1460
18227
44625
64631
95809
88843
77810
34868
24444
23227
9516
52811
77969
28687
79136
18684
58137
50758
59694
13980
8091
7202
92342
21678
95241
58525
59440
60988
11688
8512
10011
64398
25690
69639
87174
50829
65279
86417
83509
50052
6075
49303
9585
34298
72690
55068
48707
44244
50816
88226
92199
81258
16694
66831
42243
61534
21170
85252
90345
61720
88613
92500
61379
76721
29484
35305
44155
13005
9192
82358
64064
77282
79473
92720
77049
66296
82750
56120
67036
67118
86210
40525
1094
83214
25511
69612
68627
67458
96251
82835
83259
77931
7814
53830
69345
23014
55135
16082
89047
46000
64073
7595
88413
29262
4877
71967
68379
16850
61728
46829
2257
24929
15489
2869
97178
96
49219
26942
57950
5757
1111
34972
92763
7174
76770
51584
84894
83225
28528
58826
87226
11658
52192
16984
50217
28261
42387
69155
59833
69683
27061
35772
20207
60755
82015
94494
46499
3649
93977
26694
56655
2009
82417
38746
82559
59843
49156
6979
14138
60103
13262
76407
70818
51797
63833
35728
61378
17869
80484
69517
7371
11681
83411
88872
12547
36928
52025
1343
72022
21326
64642
16530
65497
16008
61918
40702
17305
27385
36135
72864
7307
91521
4939
57417
79663
34903
60974
46571
66482
91920
74773
81021
84425
48684
56959
87190
1040
31208
39201
70572
74880
5857
7121
1026
18888
44895
63407
88008
91929
88879
75
12502
45965
40116
42564
86940
19747
46335
91419
59390
14655
22560
24184
99192
8666
61033
90565
64447
8507
25181
26269
87612
45094
51495
88622
3912
21745
95562
89574
96449
53241
42740
14589
73956
27339
79202
39163
15706
52318
683
695
15715
24384
71593
58745
2129
44511
11896
32601
46461
34671
55176
94443
81534
44658
65530
41670
73654
10594
65590
27468
46318
28652
48252
27418
87511
4694
43418
26378
41318
4193
46376
86048
74004
7970
29546
8548
48012
4318
87374
62717
95961
7241
52032
71946
37007
15455
90175
86744
48229
6561
22459
19096
61496
58163
96748
32331
64195
89919
32613
72599
14249
89250
1944
84413
15002
32500
92378
44664
96163
47895
7815
51636
13991
11349
42181
29781
11088
41508
22067
18030
16185
16299
62121
51073
47855
34208
23131
29643
9577
36113
25031
62247
95019
8383
72248
70985
61243
74904
10387
10555
71890
85278
25382
52902
45357
16859
90591
97293
66142
53228
8413
44664
50122
83794
74169
25698
80192
70269
49962
96086
96404
50401
67934
317
5294
22102
49152
40377
8680
667
25971
38369
28671
79896
15341
95951
60749
81023
47994
28127
27623
43800
73461
89998
52279
11179
15410
515
15982
70598
76857
17220
85431
33372
15414
63310
52556
95535
8850
56644
30028
23987
8888
21464
47519
95403
80342
24352
8842
15314
70807
54926
38081
23008
61648
76383
58323
41782
60710
23650
85859
79060
2666
14366
73611
50982
59341
2228
73327
705
93720
30139
37661
51020
59679
44514
745
58786
69670
38877
79273
34622
87688
46869
31211
86657
2535
68610
31962
88940
72655
49573
42209
95828
16901
33852
7006
76724
57861
11457
99481
10307
55818
99181
49186
58164
25211
51794
36581
59305
17867
66719
59931
82855
57249
30015
99003
27509
8449
55247
95058
20269
51777
88710
73023
84462
74482
87921
31696
8446
59912
85674
72123
63331
22516
69897
55034
42245
17419
2336
58319
54592
7534
384
17345
16134
64026
38314
70479
85785
85934
41212
55189
32753
11290
50241
6525
64683
84479
8893
10127
92777
28323
12433
5809
57325
39441
14345
38540
47391
64717
83593
23273
83887
91049
87177
48014
25268
86451
40865
13587
16207
53090
76991
39617
86844
88707
3123
12660
86623
69469
32724
75192
50010
9386
83651
75009
62775
69326
30025
78632
31026
20077
77339
74655
64295
58081
34184
51003
7151
28944
98638
80637
25596
14016
48603
73330
67726
56266
82262
67284
80162
10657
34297
226
98088
42731
75958
40196
54291
56967
46749
73620
28
71581
12335
67266
60321
13351
35312
11359
32646
97865
10125
91449
86337
45069
58454
74431
7642
69604
48956
5905
76872
10647
8269
74782
64656
21245
43985
34725
41857
68835
17203
43006
6618
35354
92076
28169
56366
24800
49393
6454
9276
26994
1480
80364
29245
54679
71602
26885
12799
32146
55122
39039
30214
57227
66986
53474
234
60154
83309
78504
65962
50348
73461
25553
49722
89126
26154
20376
16334
56288
96383
57933
56354
63988
41843
58414
61869
38841
34407
35561
84995
79470
20339
13108
98681
3555
21331
39635
52219
74727
18318
7746
25709
83520
78030
52665
22839
91725
61745
81076
11070
24198
77281
77757
27762
63049
6442
85019
58690
64258
39835
51276
12905
80748
39540
15988
20644
52497
61618
99116
22270
26360
94695
18894
10482
94601
85777
41068
63905
56624
78008
78108
15045
2807
14512
1847
12898
16557
78457
82517
34427
71045
59283
98947
26665
24024
5877
61308
89861
91977
41672
66821
61126
33793
82730
59682
64885
931
45863
8462
95848
21794
97259
79942
62606
40220
70322
87373
36549
58162
83740
8605
8016
47970
61910
76237
6985
47000
50381
63210
23506
77224
98857
24632
10174
55859
53666
91301
79148
37537
37153
44991
74788
30843
58140
87047
97951
18512
76340
40410
85622
36384
96151
75198
34789
80982
48414
79521
17167
94479
48886
69828
10856
33366
37368
68081
15162
87801
28751
65660
97769
72473
58080
74567
67171
1282
18831
58289
71914
83454
10715
34526
99901
62138
54312
88834
55509
85530
27092
84987
17360
96886
57515
1703
98118
48884
36214
94924
99854
47127
2491
38613
1869
61524
15340
43842
85157
10282
11884
65058
1005
41485
52712
88931
18896
57334
81099
8903
92231
74387
38717
86865
95253
29277
60302
67292
35047
67248
29122
75019
84700
54477
65212
86011
59269
54349
71811
18607
64600
57386
70993
15027
62640
93826
29646
56788
21994
29959
41680
32127
5529
22371
44553
57471
96978
69842
83827
32186
6213
36600
70441
81145
60814
76689
96978
36918
34613
50150
77116
9709
49872
60142
224
38783
55711
98551
94691
98435
33697
31314
24695
97334
35463
41666
25578
96863
48273
80303
15605
90676
85773
20477
69111
41648
37427
44306
76509
74449
6680
54877
31930
60229
24714
27998
70517
63941
53918
60907
60986
85475
34416
68381
13255
63251
55598
72982
73054
67545
99781
93035
41703
29449
88970
76374
8377
58785
64109
18108
78800
89496
94094
44992
10817
22289
68399
77495
78825
67660
44270
5324
41599
57514
33249
73911
99140
26510
23746
20302
88256
11046
83021
94486
97366
28622
88015
93436
74287
52600
96899
97307
35775
86494
3094
3737
69738
91435
18337
26093
16019
55118
40424
73457
38304
95838
46222
83597
65791
49947
10649
10855
70736
79451
61562
30248
66039
10829
59624
54464
25061
67316
47384
83591
51863
38800
1956
12130
51475
32317
94246
52469
28709
58099
7589
3692
28715
31911
92940
76675
89964
95929
13645
85252
10558
42393
72846
93537
2620
43270
19472
74447
82711
46340
91862
62221
64155
27497
52516
98410
5757
7055
7331
71562
56905
93610
40721
76167
35219
61831
56427
69730
72991
27064
67570
40531
94156
11003
88953
11710
93480
28224
55185
54931
33276
62610
95582
52147
83852
10523
48715
79620
17709
94338
40497
95249
34192
99747
29620
41285
61484
40265
96222
69245
83494
51475
27567
94976
61418
15117
10769
6096
10949
18108
37949
70180
63127
50185
10296
29334
8620
19524
11889
83609
72547
74435
59903
49879
56527
99123
38737
72349
40874
72471
96030
52526
24142
35365
23089
2644
68928
97460
67024
94796
44740
17895
19364
34919
44304
9166
97812
49217
8942
73045
67161
76073
41238
92983
42635
45148
6794
79045
61690
81583
13053
26031
27412
59852
60230
30533
72801
11907
18079
93636
28863
57530
50624
27276
56177
45637
81964
37091
33259
86994
31416
29563
5828
71812
96171
43625
2259
45043
80714
58520
16100
80845
80161
45586
37388
79769
67406
12604
34932
89116
89163
41986
14059
56785
77170
50656
628
65868
4813
65283
75578
24008
13047
15978
78402
25005
3869
12323
76864
57981
80294
77745
81301
79804
83164
17742
35325
56749
87213
56988
88039
92736
82981
3282
92007
86218
26506
34227
93712
26026
16038
26929
46893
19936
51086
18843
59968
17693
65706
56950
52060
80853
81483
63528
13284
23087
54703
86994
5387
65812
3774
43552
99094
44391
66307
53625
77629
48227
8313
28152
327
31559
3960
72071
69870
36669
81655
54489
12607
50689
59115
85422
50652
93073
9600
19294
24592
68607
60731
40181
94260
18458
24895
150
5667
31004
8477
42684
28125
43340
91838
55126
12996
46145
91608
6641
67779
7812
67963
90352
60368
48064
2071
89401
85411
89010
69115
92455
90667
40216
7165
25110
66372
10196
75173
67022
23239
82958
16456
7497
71409
82669
85794
35961
27486
7620
74454
57714
89950
70818
67418
41049
15910
51467
58931
74070
45585
30183
84502
78770
29833
85845
23081
94366
33442
63452
40422
5378
67582
95074
58959
89996
24144
79027
40121
75128
46723
16999
34885
93939
22999
8408
80120
38859
27012
94927
10378
71501
9077
81622
65538
6497
26735
65746
89942
22234
33842
62240
20435
70215
42465
2843
97593
19637
39703
41194
58984
64810
96151
23118
696
80155
64293
20192
9774
69586
61456
61878
68480
56498
55922
92626
90445
92796
36688
47051
24098
95996
51731
63719
79559
85112
83439
75882
33590
92172
96432
3610
95471
22345
175
99337
59182
75612
57154
91341
26801
72232
84705
82634
7950
3652
39571
95465
41770
72863
14329
1878
38333
88311
94356
31499
47247
2587
69796
40726
48643
84615
59148
87949
60252
75458
12215
21962
16635
21414
69970
96457
98539
58959
61163
16273
48403
36215
95369
30597
90347
55235
12522
35909
30859
5950
89279
9995
92232
61501
79234
89215
77705
46359
55967
48587
44187
64407
46236
25143
68280
38124
13099
19872
73913
27044
34492
32222
77306
15332
10523
33303
7656
59867
75067
85770
88578
53751
54177
10527
34649
78829
14827
87577
80330
76732
13579
61280
5651
60893
68907
61458
30086
93881
42033
3528
1066
41442
8085
47388
89450
6047
28633
51436
21214
55514
44111
92771
98598
70489
99682
65327
86473
69567
35362
88791
93317
29305
48295
47823
86836
38217
868
35471
22268
9410
56950
87497
82097
10374
80079
51087
74734
80664
29487
32588
6450
79949
82539
30141
50769
5510
27430
82499
42559
83844
14266
5239
91961
97506
59931
40378
2722
3063
18167
87818
8463
72973
56339
35685
297
95636
97619
54887
98535
69998
15623
22255
24320
30
96867
23899
7890
59311
17844
28235
90965
86266
21295
31432
46217
37489
57087
15133
80751
69332
60928
44955
53076
36143
64762
89036
72406
91351
79559
75565
81151
4085
71628
61571
87984
25575
2358
6591
27033
3875
51011
19187
52538
99864
8494
42950
50920
42975
4112
8455
19038
54260
87465
96696
34393
20971
25098
57445
7255
67696
72362
38292
55283
41054
85280
66712
94257
71793
99286
87481
91113
54326
97132
97527
26135
23390
85128
64525
58330
44831
38949
13020
23475
36535
93782
21989
66361
63209
21624
9362
20258
5892
41047
39504
38527
42313
70689
60138
27466
67979
69706
12162
88429
32809
74379
47855
38382
74137
97224
50653
50787
33441
11107
24739
61172
38458
44098
3104
22352
98946
44456
44524
33129
24664
89784
78147
64156
97761
15201
38765
89030
51510
24945
94316
12251
32192
88816
21835
50766
3417
57892
18097
18373
89388
410
23588
3644
17556
16822
22220
80864
64445
82094
79155
62649
28902
23421
41381
28420
56858
94296
10566
97891
38014
74902
84008
66404
55900
78429
21733
17210
16203
80593
36334
86439
77180
72424
62067
79981
48523
12775
60887
44349
28385
4799
61847
79509
51283
49398
58377
4495
21393
29063
90832
50620
42780
59364
14575
7146
82195
55682
79616
2398
8901
51785
39507
16029
13476
42001
40456
12673
14327
83571
38635
34539
78071
89248
21578
47977
82218
84931
29873
30228
70057
72137
85945
69578
29254
31859
86123
4411
55256
52470
79459
10455
95905
70109
23594
50810
80892
35384
42596
12896
96223
14139
41450
59775
95305
21353
74239
60360
59528
13577
20634
63799
48215
57911
44358
31552
2081
45911
28323
63594
97423
21307
59759
10667
52625
64949
31085
35213
47327
39133
78932
950
64566
57841
47081
78832
41095
50997
9640
85773
38320
3656
32149
17794
95163
1831
69307
4807
52581
47213
76693
20520
56341
5166
38456
20817
54622
77398
43074
14553
96750
8454
30379
43455
72753
58863
68428
82653
58091
27819
56124
64833
26887
30192
85738
39649
85831
89378
51165
88047
80004
22399
68591
79553
79884
39811
72659
61849
25348
8005
74134
94998
58795
97849
14715
25516
84317
16803
17115
77226
32888
40410
786
8170
98942
79203
29635
75571
50435
47935
31167
34688
41926
94532
32611
42424
11100
38866
28653
83749
16240
4978
94893
62632
56133
8645
19621
95502
21123
75370
71758
29393
50753
92476
55460
99291
83629
20093
29080
89822
62194
28001
32816
41778
67133
66567
80045
77037
10768
15806
37196
96933
24994
59928
56800
28653
70120
9737
78107
12119
32643
81063
15314
24654
95425
62094
3849
62960
96034
38508
84580
97194
67011
51322
46802
61005
41061
64375
40419
12391
66529
34705
32682
70433
70620
78216
17931
13557
50970
74655
54605
83980
82577
33814
67066
68176
52725
83591
56306
56453
28958
32322
49954
32804
12037
6440
99974
84554
59926
1651
82902
72211
33888
86104
97127
1133
62518
38363
11101
91940
84312
43857
67035
2582
90790
12489
80095
34760
95449
73352
11127
60373
53849
89275
45535
23553
55451
10622
78802
36342
54224
33819
24004
95433
87570
68601
96558
43335
5741
45986
99674
77922
32496
58855
13675
13123
72366
26699
5606
93940
56463
90791
7848
1306
53558
34037
14599
93455
77467
97650
53513
2421
91882
94759
57089
85699
9688
60974
73009
67678
54610
47689
46866
65989
11485
26922
22836
15088
95162
67
40798
6310
88654
94726
23101
8310
90010
55643
41928
72538
90133
58241
19640
5023
20953
1684
93847
26021
63820
84562
19573
90510
13210
72388
52302
68929
41840
16561
14013
88317
35665
86361
70931
25006
64231
77645
83451
25191
63528
85725
76670
55559
87052
74160
13026
31785
18043
72470
50624
96733
14269
89245
3427
24432
48656
36628
49731
62351
17223
399
25434
7730
61696
70056
17464
11189
30144
65432
63052
91435
7532
34463
41605
73270
43696
64724
26963
21616
62859
40972
95422
97015
49091
75053
48848
79085
35836
45310
89707
80850
41657
52018
5075
39931
59728
60339
17586
47683
32281
62075
14260
69758
14633
9213
70417
83804
79190
22237
20495
16101
47987
42982
44178
88009
67346
39095
24029
63978
53268
1257
17054
73830
67277
40783
7447
63837
84721
37684
31486
85739
6521
20591
58834
42903
19211
33013
18690
36561
61446
69166
33914
60359
50756
57350
49889
41008
29057
71060
10131
54207
7232
95991
61740
16676
58347
50641
21610
78511
18952
21219
6776
77772
30626
93339
73595
65756
56791
50151
83408
42522
47387
5398
81
9018
72176
30693
44126
39765
34238
34406
39561
58513
73005
41533
92547
49993
32051
42948
80539
72486
75659
62178
87339
77804
15005
3887
86069
65249
4828
82279
31087
96736
32068
33254
50462
55910
69856
53732
70372
77923
23335
44801
39643
85880
14623
42341
77460
87926
34352
61534
28892
77788
43762
12180
75401
69726
74919
32602
19219
59190
95196
58742
5782
73899
88278
50356
50416
97416
9653
11940
6193
91754
93588
82540
38754
12718
70006
38882
67235
11082
31583
51410
44725
56763
8707
79083
30285
50843
89786
71165
93414
19259
71652
67024
44072
16325
77667
45641
72307
32344
28202
20786
89417
58652
32795
54039
81528
17369
48149
19777
18433
56512
11654
70478
34536
51107
91074
30610
98038
42202
73365
90451
62771
6397
57367
18733
5268
9226
35452
60365
96612
20476
22023
12086
58945
48979
71719
67534
23792
83292
76709
63073
40832
18610
18752
27689
1102
81862
43460
93752
98308
92237
18750
10364
13354
79235
33883
75796
50846
85028
1111
3211
88787
8980
62592
67361
19632
55752
74709
72858
22738
70710
60620
73408
79585
32005
27957
7082
31551
61868
77550
89288
17935
86434
96332
80195
995
85892
79611
69573
983
72267
81039
79537
31949
46922
22847
57590
63861
70478
17403
48167
58439
12588
51693
52648
36643
5947
55616
72419
66929
51112
72774
6912
97208
72300
24283
30850
66611
526
32765
49969
37780
16447
82734
15274
40722
34658
55946
16882
67852
96643
1557
79071
56503
8266
24869
290
53851
84722
62687
98459
14574
42588
64863
26015
93069
50261
96865
3837
38500
28197
5452
15789
42781
21356
48715
47227
42726
62595
56890
19967
893
51483
90601
34772
12885
63433
9363
96083
22786
32449
80314
6630
11941
17250
39514
64833
77769
28903
49758
55272
26214
15347
12186
11277
50649
8699
1487
15772
35850
11004
95975
85302
59213
72261
16992
44069
83634
67459
59947
56598
92958
66465
65871
47009
11009
35131
73619
98386
87853
37309
38431
66020
9894
16212
63
22980
17194
87945
90191
8465
91835
89192
60399
52597
41961
77392
28315
13042
58149
14435
5260
20261
41236
42789
38879
48651
19509
37088
13221
5506
87383
3520
68451
49641
82010
54326
45060
69111
28336
95316
33936
72971
17586
80652
46550
89543
39112
72715
96700
79392
56399
59793
36726
64306
57589
24747
73842
16416
30396
20516
10439
39567
80747
86770
3085
47793
95234
43774
5022
42251
75369
56243
32400
27217
2023
49088
39804
54040
27246
57195
32766
56200
86499
26020
63589
4941
55681
24613
54243
88667
65409
16447
55141
17615
65536
3098
19210
23011
25501
4257
79770
84326
52516
57272
30977
60155
10575
95837
74150
30216
46235
97668
26520
42938
79767
50409
97333
54967
12525
81682
28215
50832
45298
50801
75530
68128
16587
51422
50734
89240
32268
82391
84905
54502
86457
34217
80476
12404
82088
27347
3068
27653
82412
40102
51476
403
8421
93558
14950
54255
91514
89733
76712
88940
32890
84914
28246
35441
71829
50863
4414
50050
15421
44953
36959
93844
53891
21037
39708
86661
58719
48362
94071
64952
65882
65353
59078
27269
45115
79677
64986
38150
52368
89278
64383
31140
50358
64344
45967
84342
29774
33776
89882
28503
88064
59083
78859
91738
70716
27534
76396
74265
52475
2333
93119
98831
25553
19561
2490
74029
74953
65964
41280
43365
47144
4005
87615
85222
66770
26250
5998
83401
64006
83091
59856
45813
2797
77291
90327
72461
94677
2979
85428
1462
69949
90875
46438
11872
50720
50776
86576
36614
54021
14397
16991
40930
40166
94907
8429
41408
60232
20458
72176
14760
65654
45629
86974
55960
95782
85110
97969
81170
49436
5014
97023
80038
52177
58052
76599
3100
46315
98892
75938
79239
88864
24359
58830
1248
213
76134
59932
30935
77635
37491
47028
76054
72513
23891
4866
661
62039
80324
30823
91816
76226
68561
6805
26965
19387
84063
14353
81171
22129
67038
76764
88336
8753
74872
69464
69177
28094
40779
3593
2548
57250
71704
60910
95515
86240
92894
95781
82030
54663
42722
39198
16759
60434
44820
50001
20699
50246
30960
95582
24439
31796
48715
41073
98320
67423
95274
83734
57207
5072
88040
10910
12985
56999
55550
99028
69374
5243
74843
97967
95307
40021
68694
33878
45650
75916
18044
6686
32085
31448
33688
17483
63898
45192
62134
35769
39317
99440
11921
63918
43533
78670
3503
47531
27776
24641
41236
1009
78135
18541
39817
12491
52495
6191
7692
73895
87428
88934
83711
91799
64391
33786
52866
16500
42934
96097
99805
3809
69531
85822
2822
62813
98813
57137
98596
39771
50444
49716
52845
64334
72697
55934
13562
53952
94128
78390
26415
86186
68913
79107
38072
62305
3431
53566
86103
88842
91671
20020
67368
11212
98136
72208
22135
23541
73153
55536
3491
13783
76479
98655
76268
7110
37836
1617
47492
53991
18596
36187
75494
97312
1848
62239
95409
67567
42823
85223
52246
73858
60585
50256
40326
47328
75205
24447
31362
98250
87814
95823
37560
18556
17862
43530
20086
59140
52430
32811
40574
27583
12332
74971
19030
79089
84859
28371
37702
39586
97982
89184
43285
92126
69168
42273
8733
71617
95428
19996
78051
97872
39771
24857
71130
78686
50278
69714
54129
7829
23822
64305
82397
39326
85659
95206
57214
61578
81465
83391
5612
13341
54580
67710
27323
47632
48425
12855
56182
41050
21970
39475
78637
78609
27598
55694
68591
34820
27628
91352
92132
15861
32698
78252
85395
7021
80594
39766
91671
19215
31843
65837
10185
40822
35313
94323
16251
28356
91898
60504
59178
5613
6091
46045
90065
69981
72147
1429
21218
57302
94977
37214
91255
97759
14828
15120
7609
74205
87582
82518
27769
40434
84700
64168
98453
96372
23665
73581
41830
8173
45313
69463
8899
35758
30042
79029
93154
92480
52328
18679
98281
22390
13880
24757
28599
32849
30845
89463
89761
75903
62525
63742
57184
99845
20194
68339
29633
32118
13578
88550
72948
69711
34639
28720
3621
38769
10921
85576
45981
2549
64859
83254
71333
26145
30952
91311
46175
37272
17361
48147
86597
21413
75035
62115
40996
52402
66990
97538
8915
45420
48156
98845
83275
79162
63450
15541
88157
86389
18154
32346
43897
78789
61687
42475
16646
25012
26761
21767
49679
31554
68372
56018
5857
90261
73237
40967
51154
79952
46567
37243
55394
82147
73711
85741
83779
77329
46728
8923
43530
78657
10280
9707
94577
84626
87693
48245
42507
51849
8367
30503
67912
3532
86554
9468
12813
51680
87806
21476
46550
11809
27453
68907
77904
80161
29707
55591
15643
14926
29587
65047
36434
93793
36843
95100
23632
68004
35296
43461
59968
36746
56612
26801
32695
35305
68152
57771
82577
65248
20263
11567
95488
11711
46032
14216
87004
57596
23986
90707
68628
37126
76993
56878
55426
74626
22467
37720
47864
70986
35031
58803
6708
99796
75381
21607
83139
54908
65979
15276
99101
27660
72937
13795
55047
99974
14053
82614
13506
41870
43580
98921
96931
3427
98605
77308
54077
80776
43079
73800
76694
50885
52391
55899
8777
18269
64285
81753
51417
2625
9626
79514
52204
99030
57859
15741
12779
91332
65996
31830
96682
55930
75628
4428
14152
47779
34896
77576
75684
47539
56772
61720
78393
96254
42185
66352
50193
29729
6882
61568
25611
13161
43913
90550
99823
50197
53444
12125
39840
7866
892
5545
23956
86681
93148
79176
53845
18745
68101
10491
55684
53329
88658
69500
75751
33309
88335
2428
96856
57042
5807
59117
13228
64552
35449
9203
62132
51951
10818
68256
30744
24118
98442
62026
76263
12618
12076
39992
31822
41351
24342
40235
2321
18921
83894
22683
6758
56326
68292
66458
39439
18778
32219
65012
39642
76269
11777
36966
34868
66838
70068
86154
36973
45404
61221
21425
77068
92732
72073
58241
63137
82083
57284
56252
80987
1520
22973
49530
30328
83239
69447
26439
45448
98129
47685
96630
90473
18987
31698
46382
53566
79704
22518
54513
62105
46017
67074
10258
72317
60813
99043
56053
71646
87706
29229
93602
78336
84779
27393
96362
86660
24048
78720
34867
83206
86739
40699
2268
19045
65057
18103
87698
751
1944
6259
18672
34169
27505
95447
62103
60192
96643
84595
96657
94899
96926
23060
78848
90222
43348
77286
68357
73083
91097
8900
37720
52302
58569
40685
18120
73815
44144
12807
11038
80348
75557
54959
85912
18878
69501
27272
69465
57406
85618
64815
31090
55184
50263
80274
34097
61574
32860
23782
68272
2867
97761
37781
34430
34460
88892
76112
57455
78003
9633
4082
24072
57513
52989
44588
64779
86767
27136
1097
127
34671
52014
83882
65796
88652
36616
83002
11671
44622
45379
63482
52403
48860
5430
34761
70415
59407
26678
41539
83701
36522
29745
46416
65505
82116
9422
16753
55327
26801
91519
56352
32181
64690
92579
68189
90359
84072
65125
97624
47620
59328
27309
75657
42542
99812
29448
1351
95981
40404
51617
2015
75618
6340
9628
14243
28356
32031
60127
99726
49153
37747
71547
41134
76784
48629
78741
29422
89712
78407
97834
68128
40770
92311
53037
33354
59903
3020
60139
48288
78807
42624
33090
18871
77475
83149
31279
3608
22054
99567
53313
4542
92485
20538
75183
12473
88122
83820
80451
12955
11517
58376
4899
81197
83968
11642
12623
82124
15509
92577
44682
14522
10698
33123
47263
14099
34372
22827
44101
55625
30018
83275
84888
8938
40302
51194
58019
88142
98961
34048
97798
70865
22897
51922
26198
68727
56482
32354
3392
53752
19933
89860
26351
12881
96226
12624
37545
54073
50553
15193
95565
31881
27016
489
99132
37992
51030
14751
7680
18069
23586
70243
86499
62288
42953
49321
89142
81264
59075
61119
52271
13401
18167
87191
74370
69419
4097
45430
5520
91667
72527
49523
56701
59945
38631
75332
41629
73586
59918
93042
31282
9494
52107
63797
36999
37704
88635
30232
78519
16192
84926
39247
71163
52137
5210
51417
66944
82386
71033
96662
83988
40586
31613
43050
21789
54621
75333
30486
50744
99886
34234
64531
70364
99501
36340
24419
65008
62503
6370
30209
27950
26211
98066
31668
58165
19301
20420
35620
49653
94795
97343
66431
98586
1605
53723
89034
64758
3232
65949
40349
76957
78462
5414
6783
65019
87511
78059
46127
76094
70872
89249
31754
34543
93869
48783
19676
96734
4843
47203
95201
94288
48661
82129
93964
71156
36576
15226
98153
33016
75404
72641
51252
42978
98049
48680
33766
85204
42193
18415
19304
31972
85774
30433
19249
24221
85301
67994
48289
34568
48292
81082
62924
7102
28737
14410
828
79793
68991
39563
5376
54162
97276
51721
33973
86142
25165
74842
62350
55900
83552
72761
2661
6843
87078
84099
23097
79901
66344
65748
19855
79614
86224
89282
70542
28711
73055
98108
52750
99485
44735
5797
80266
97126
13305
36722
39760
79409
55451
96413
19946
93728
10211
28617
43353
99219
23241
46606
33816
2858
81773
38591
68053
8167
68433
27206
36055
16878
92403
23593
2116
61520
71573
89696
49332
12437
37810
44944
48971
71383
39329
35725
32965
82599
85260
62631
3167
39495
33102
91074
20988
50023
21792
67876
25555
19051
41863
44050
72293
93163
50342
49166
84766
87133
17733
43855
61861
1205
98006
14669
45387
42428
50316
63948
27054
22678
46488
85875
58561
25143
19636
45433
30754
23887
98192
13748
9358
91701
37078
36596
20199
87303
68174
23850
49624
24840
49195
19272
255
60964
59726
37870
44888
19097
84173
16941
14372
9634
76195
90266
11964
3013
24477
60338
1231
49465
87810
6177
8965
31675
45380
62620
77430
81075
53092
24694
26687
54885
90852
98851
33276
14662
34565
82996
97298
36293
70518
92320
99295
63021
94323
3880
4999
85893
82830
38062
9824
49080
51631
815
39640
58423
74409
97798
30339
13892
31582
24546
44100
25731
10966
14166
38672
27057
17273
6924
81672
52597
45746
44104
40128
81747
80717
84567
22912
1100
55967
51766
40429
11983
4428
34277
4857
98301
68527
70369
22202
7837
93049
89925
89284
12626
308
16601
85435
66855
93025
74698
56955
86815
54923
16051
3226
52786
98394
71293
17891
22249
91902
76497
7311
85494
56421
54146
14177
25630
96114
37690
29165
4211
36295
96121
81520
35129
71670
31817
44586
42187
45845
73776
22232
77793
24146
76616
56103
81829
54526
57301
96829
95844
30856
46229
2691
89316
64721
61107
78649
85413
13478
37169
17691
16168
49890
43701
82066
88482
31172
37522
67766
81995
30222
16159
45072
85207
89103
65089
74796
63799
47203
96109
23382
65036
19284
68115
37248
61504
25974
15574
45089
74451
99687
19219
34913
76962
99477
59718
96949
52508
79383
96833
43285
11956
28787
42215
16752
56711
62701
11325
92620
47806
55687
16475
85655
70739
13893
64933
35326
53070
23134
81334
37850
31874
74818
23033
57180
84478
41391
13934
78883
44585
95720
84836
16436
98773
5313
1407
65161
50094
39898
86539
29159
33069
82755
38226
63087
94172
52355
48401
64375
66091
25657
21534
56104
25585
255
95187
40616
93154
63797
53234
38401
80260
13031
44005
48587
25630
57
34353
39106
58398
790
96752
97450
48285
18658
8591
16152
23353
74458
84278
56133
18289
88342
5272
38986
77049
97177
59196
51485
60885
61284
80401
40213
98550
31306
3756
61035
20008
74312
88032
53823
78845
26524
57523
85710
25670
60774
44232
64326
80167
40366
73413
14148
19480
40377
86223
2578
71219
70573
97497
52216
70656
81545
92155
54694
53091
16153
98099
95603
27399
75944
75301
66779
18271
8522
86816
6347
7702
99701
62106
54621
94493
69918
58292
9250
28591
74465
14920
87154
44214
62520
78853
638
88866
5098
74426
24580
85784
56158
28117
1126
54915
38880
89978
1266
10193
79293
3518
88178
32203
14314
12581
23251
52819
21515
37926
42458
2726
71615
14021
53603
82581
42868
42360
74380
75769
36461
80967
54399
72079
89173
27768
56991
30758
42963
30320
20129
11220
7687
55073
1829
17755
76447
46485
57576
52780
44804
35595
10079
65041
8218
46852
23948
83108
37970
59843
8523
25457
99824
48234
79063
61744
29019
15256
73743
93053
66868
36907
44811
22295
35644
43028
42272
31118
48606
99664
76248
62523
43445
32648
12765
2389
40261
73915
60895
75821
62968
95276
92087
54174
86279
10958
96263
94743
13609
28574
12226
78710
73040
48381
1738
69565
56508
69486
72009
26977
10359
65307
19113
67666
39202
17051
17956
99609
56341
42716
40343
13363
47129
41988
22454
54979
92524
95852
42350
45812
17666
84271
67160
75911
32469
17213
47365
75195
89359
78688
43160
83119
87867
16150
72147
75347
76000
75002
79843
56262
26195
38590
50597
59833
81821
42848
15311
73997
46023
82111
41052
2913
33983
62883
59996
95517
35014
13579
7881
6144
39960
9991
73063
95360
88721
21942
21918
81085
96676
82632
58065
75622
53926
87761
26575
32713
39963
67974
85465
96976
23538
13224
87914
29751
69030
26840
58300
59569
58500
97719
22806
61686
82235
73492
15753
24793
63244
88826
79260
56556
39155
94302
77644
83319
82760
69716
74763
58084
99331
27250
11456
68939
22933
64329
51168
61069
44596
22758
88441
2469
591
86973
38509
16907
43511
59666
82266
829
20341
2037
26443
29505
39072
56680
30142
60461
56050
58781
99040
43386
14357
31618
641
58865
73892
25468
95671
37312
28759
32903
91854
63687
51133
29164
55557
3544
37419
62643
32054
38453
11062
10756
30189
31286
63071
10420
31049
5213
39055
13772
55575
13076
25770
11171
77069
54704
56492
71343
44813
43209
46078
98075
34023
48629
53383
27583
99152
85832
70811
6712
11939
58024
90195
10467
57019
88145
93515
15775
29710
11146
59162
24855
99436
68692
45280
3200
40256
41935
85886
90818
56037
69929
47215
44121
53194
65097
42534
70357
4912
61339
56257
65600
4287
9067
60234
51679
84650
60058
21182
29947
21202
99240
43084
95529
23412
59342
42212
50
18165
47926
55252
79162
43505
71151
42965
78423
41286
8488
39498
92488
12774
18174
68155
93896
34874
92195
90893
47628
24764
50461
59421
71714
88645
39487
43451
39119
69376
98515
53051
19136
43163
49351
13213
47169
93746
85835
73804
45459
4144
31569
4254
36839
87084
45664
65516
22322
67755
26340
82917
74331
20019
11626
64292
75389
62720
54117
77420
33267
36128
78683
28339
44011
9882
62673
83227
77588
42031
31395
66663
81257
45612
50825
48023
50825
38821
55048
88890
43059
70301
75356
50982
70531
27637
50096
87721
44047
31107
42858
66107
45985
91856
98051
16556
8641
44428
97018
28608
89263
38037
56107
5642
4549
41438
40027
24952
26311
93677
1718
5109
16470
54318
25470
28003
73805
61965
36009
51190
88740
79717
45267
43822
56943
80729
99295
4144
35843
15759
78736
65712
37204
43839
37114
16545
53082
5524
48824
94251
13718
83474
92228
58421
66798
37862
26378
24829
69166
99708
96060
91322
63650
24981
14622
13716
9492
52090
89455
14690
79713
12672
37199
32658
73764
14208
64893
53445
86853
80453
12685
54860
72647
80110
71209
14971
56056
91721
99954
45218
96133
53326
90055
27185
39276
38150
35772
78766
52909
34710
80503
15176
23020
85974
37541
88332
70088
79258
58253
54089
90960
30364
17076
14773
5716
14768
12989
37811
32770
26722
39860
64286
82329
18843
97860
12675
31246
37873
96201
69
65337
66325
64342
62448
64754
86118
28288
38376
10179
75654
50854
11010
95833
35402
88815
2917
31581
43703
55092
56727
80805
52834
12945
5134
71724
78235
78374
73249
84741
51615
60405
88825
85275
30434
640
73626
9156
22225
11503
17056
79912
42279
40282
27406
3978
90025
4183
13846
22096
8333
3503
11626
47193
84686
10250
30433
90189
40679
90180
84453
30786
29486
21765
32771
93976
14809
85399
49527
89943
69882
9068
98246
76156
60999
6612
43418
16503
95575
66445
58604
57473
88529
15182
29690
57502
37673
52032
93327
56403
39252
36762
80610
97312
93145
20372
23945
64766
45057
88336
49894
67626
67880
76901
45652
15039
50842
43337
49457
32181
43337
30342
82445
47059
60267
2028
60726
55504
88090
90149
12980
13593
54015
78463
83929
77073
35070
45719
27961
7622
26270
96329
63618
19316
39382
79118
9107
97545
38680
26164
12604
2059
52142
73981
6962
34581
64160
17152
53703
5916
21610
97115
74552
96057
79694
75595
26204
11056
48524
42873
13283
18118
51027
47985
26709
66881
11655
79737
16177
73547
26837
96438
33531
7412
39738
50529
42677
67454
45178
98975
326
81728
81826
37213
65478
41190
74552
94517
72737
91472
49346
54216
45995
1591
65581
56754
98002
92524
61817
90249
28863
65183
42387
54361
29205
28618
35981
12191
94463
86584
90225
29768
25027
71513
29943
49668
48843
59870
2155
75325
23080
61223
67937
61715
15973
1571
9966
73527
54257
33616
25127
65464
60267
2152
99311
45698
36833
62600
10972
88219
46140
50900
22303
83048
5077
76335
46541
5901
73057
35481
64664
32382
48878
51395
89850
43862
41841
60017
32230
61010
84859
85419
64294
53031
32769
50653
86823
72145
93746
90590
98257
24795
63610
50374
57443
32350
5788
75386
31160
41843
68073
53759
41345
74437
71598
35289
79227
16679
6336
83729
75262
37730
25947
1331
71476
55958
54030
35564
55756
38628
97826
31733
37006
31012
61648
98254
62434
60856
57170
3751
61315
10713
60987
71937
30130
61918
43559
18912
46677
64015
5069
59096
43583
98569
99298
47329
65908
28846
27029
80132
5444
45762
91860
77204
53556
23405
20149
48741
3189
90313
94774
35536
17470
48133
98778
99813
61477
82259
52858
51417
22018
40217
28725
12228
23402
63671
11529
92971
30482
9532
10723
16628
19893
20998
64085
32563
48187
25943
92778
92463
55671
66023
27686
59128
52382
48983
45500
66829
52684
19916
33736
63886
65646
67448
95466
72226
57729
59969
72330
21578
57797
51964
16971
34071
43747
35164
50564
74245
95889
71576
49333
51706
60485
42598
3213
63404
38473
91117
63627
83912
98041
4991
37336
63944
8196
38032
45355
51658
72129
57833
80724
36257
39582
71340
31805
51119
79817
23202
95279
19231
58825
13856
95027
83446
87206
38257
5679
15975
78041
35800
143
31414
8280
65147
10380
52870
8747
56747
39441
24116
47737
84379
86588
4458
5615
80298
76408
38745
40867
9779
57196
99550
3397
39315
9605
4648
71288
48569
85286
4682
99284
90997
32529
32182
45729
38111
46160
69336
7857
40114
17764
61803
73328
52343
14049
63171
2604
35398
15287
26623
73973
25313
55024
47487
61329
5133
11264
13870
13140
95576
75174
25228
16584
38379
94129
51766
4860
11557
27416
91623
76007
70884
18985
78634
42156
13076
94244
61787
98801
82188
83398
31690
84840
16272
69275
82641
70976
14302
2417
10608
14644
81586
78226
8067
37669
47922
56176
83903
2268
43954
2975
51595
93145
16142
79714
49605
84568
99066
77501
28238
30154
5100
21365
35473
94061
66917
46741
82534
13270
93274
23453
48633
84803
83671
72902
53415
29152
89032
78005
48871
1650
79346
7969
31425
38901
50931
46540
94805
31094
42170
80879
83930
20206
24327
54730
49314
5868
18199
12865
44505
56764
98212
28535
91631
4546
64428
5469
54223
12165
47284
78748
80299
74724
12535
24608
53362
56402
50473
28305
45328
29410
42824
67860
57663
45685
4982
23556
37724
25605
84693
42957
89412
13454
91984
94822
43549
1357
81002
2527
49675
70661
48635
9148
93259
89148
33411
46338
17070
26636
99955
49342
84240
52645
78951
52058
74681
50156
26106
57409
51363
3144
64784
8755
76128
78165
42839
62043
92756
91081
43240
26731
94563
35335
22601
50237
9214
39697
99637
75795
38917
88210
28016
88486
60917
30313
57267
3134
63336
71883
94065
85530
57686
33911
34586
42236
47331
96216
60976
90191
93473
67661
50370
71331
10963
42826
82587
3807
36768
76362
822
77226
45302
42264
11414
71958
2309
37516
6505
57554
91837
32412
42975
67035
28564
47357
73546
75261
14576
36976
5261
6875
25309
18697
70080
63171
25765
58169
69559
83166
97325
61161
48320
64765
91691
95136
56739
9306
86738
8739
60114
33115
67130
43413
80624
42296
78717
72615
9372
63518
44010
95729
31133
19512
33365
65013
67784
69566
84497
54313
31327
88979
32123
61099
27386
39430
28511
19261
66168
18275
11208
84771
78494
27267
94956
95150
38349
4552
90776
8388
80736
21364
12162
51436
55116
74186
37028
21694
52219
99819
82505
48316
74418
97981
209
99225
59557
8517
87275
38389
85052
48106
37147
5758
40450
86504
20345
92219
50954
55654
20680
29459
50441
31916
79334
48387
83057
4989
40637
47439
78170
52647
60989
64301
27104
60380
30238
15354
30172
71134
95751
96923
6620
92683
29855
47183
76906
87226
81445
94284
77021
12004
28855
83012
39755
7293
15021
97261
73123
71518
83265
66354
73394
72315
14104
23116
52966
10532
82878
17950
15279
43392
76043
65965
48126
97049
44359
96965
78597
19912
12685
23696
30428
69255
40766
4505
23566
56281
19135
43015
26571
68410
21668
611
10091
32794
88295
34870
40639
50340
19861
63472
27381
76641
1090
98440
28963
33599
48529
99123
2596
84212
28895
59778
1502
83825
75554
64870
73768
39185
87749
85708
95749
81367
77958
41362
39038
72456
49235
14266
68418
62577
3160
76401
69571
97543
7414
65437
77010
22841
84030
54991
36869
37617
18031
60405
25877
42068
62645
45963
36112
54387
80024
23731
33422
45340
7779
44521
39160
38329
20633
19774
8356
96382
54566
50217
45301
20426
23350
98464
46892
10308
12731
76105
36167
9506
71642
28814
65957
54476
36199
7188
31671
12087
44741
43210
90599
64021
76652
72596
4228
76546
31083
79175
99484
98497
61876
50266
13199
61303
73409
18134
36572
46477
6141
56152
74166
19438
91792
58880
8515
18339
74855
71864
27372
20810
91525
14527
65297
19920
43223
24783
31453
91263
69398
28622
67534
94713
94074
27173
7659
72080
26763
83645
89964
88025
87843
63357
82722
51525
22089
55200
65686
27490
67769
51651
93363
52022
44788
48267
82094
18169
47313
40055
63853
94754
18777
25917
59279
96028
64011
81797
58459
54588
78467
1074
27474
56919
28468
15278
61009
17936
61971
85949
39221
33201
34821
77790
15082
11095
7114
95788
59022
61997
53967
11
60565
45444
28701
41842
31121
51038
48893
20941
35042
88954
66758
3601
39422
66719
69295
992
753
64996
55881
62430
45115
59045
89432
61310
17083
95616
41320
81413
65097
94009
67934
5996
18494
16257
50823
2439
61532
56437
12301
54954
99258
60126
37729
86615
45395
17753
17449
94988
43659
10387
78551
32062
274
42783
59671
11028
67156
76767
33645
76577
89342
91075
25771
13725
62961
57469
3764
84381
64802
24405
62991
70847
25754
41697
63247
54115
82561
59177
30525
83382
33334
75513
19379
90644
90064
57305
30286
74938
40906
87019
14425
43768
37055
83592
95688
36846
30166
23272
84351
78723
71631
95507
54504
26521
84338
57875
69778
21522
33603
77131
8089
23942
61071
50986
74825
31972
27699
17099
37228
71940
36732
26756
16318
93103
25982
8726
16018
8200
56321
74220
12722
21564
70977
78619
7890
466
9738
62311
74880
7877
75033
26707
80687
6464
61497
27097
70225
58359
30316
7434
56193
45874
18441
63151
51572
88318
40281
29952
33971
89728
86959
68460
29182
10816
745
19701
14133
66361
70590
55342
5358
40030
28081
65784
63947
1681
85143
93609
97040
65924
20103
42778
44787
22270
87977
29389
13062
90225
29372
48183
86010
28645
89920
98291
29470
15389
81180
11342
95778
56125
36425
69888
74450
31335
25239
20655
22805
86625
25602
98826
58245
32220
75503
66713
88339
24483
47582
32297
8352
30518
97783
14577
21379
31602
64821
68587
53546
73574
74105
13225
49633
72930
63719
44712
25222
8529
18009
30683
3895
76408
67769
67562
85983
53756
25036
10223
19604
64169
90008
90983
8722
33829
90772
62560
89417
18308
2662
319
11821
41080
11212
73908
88413
97234
15379
9719
15659
3652
89620
17376
57672
44145
92301
578
37678
59541
67370
56175
21628
56336
66807
27395
99696
26733
13693
40335
42969
17705
37651
90057
63810
46199
57090
20579
93456
87263
10042
88752
894
49752
94347
42546
99847
38531
37021
62654
16474
83708
95836
52892
36063
54074
79763
44593
53867
76051
83090
74558
77127
70289
83219
93960
81613
75722
81052
85767
2229
54365
94575
64152
127
44780
28759
82991
67595
35595
73861
20568
12739
92922
78654
63392
27528
61706
34773
17624
75781
12752
65867
14369
20664
54043
51407
13246
60224
73755
91124
68163
47335
35042
7685
96562
76250
86656
48570
79624
74626
32654
79952
30436
73103
28135
56473
42923
59193
15235
92537
53711
66584
76953
40438
72407
44813
25704
82183
43208
37754
46160
38356
85549
15308
3625
73645
59257
83079
21740
65584
42741
39644
85940
55591
67467
8990
25991
86499
35836
74388
26416
25555
74257
83902
39187
52394
23207
89722
10481
31752
30716
50571
87319
28173
33601
58226
2338
515
8888
29073
84827
21107
6667
83036
13787
5096
32479
80973
18881
54170
60223
40734
60060
8357
39928
62059
4692
75425
43398
63528
28710
64904
50321
7807
91583
84887
48263
3573
17274
59296
89470
55120
57694
57748
62183
78574
37999
53599
67136
96826
24283
16435
42711
31024
50596
25364
10047
4076
26448
19812
56095
13105
62025
60354
71675
11874
87811
58594
27994
46329
42814
14502
14058
37713
64203
98884
53765
58033
11434
1244
9647
94038
83985
6388
19378
47528
1284
8705
27754
85700
20393
89233
10570
61156
90430
14708
4532
70073
73411
67904
6398
44284
80333
80059
70074
46388
88683
14701
22851
73030
39495
30473
34546
47539
29258
17098
77720
32797
58847
62936
50
25852
6507
15823
19572
84262
29860
47488
70642
70867
94160
50297
82898
33176
53080
69043
61806
36881
91547
74252
87966
42031
46443
19408
38179
70699
53536
93170
98495
13863
4567
64715
6567
98565
83075
1697
74125
20956
69255
56959
66851
61406
54544
76226
7618
13547
55528
56349
94991
34336
38002
29072
72883
35033
43043
86956
16017
90638
18229
5345
5233
44444
62070
53886
25778
59553
15714
74904
61902
26597
74011
23539
70547
26709
89049
5487
72440
42912
747
308
61953
22148
50104
28570
47696
82406
35984
33081
9621
68734
73424
11217
62941
7100
89548
50625
22891
44700
42910
33601
77505
57195
68828
93850
6645
10560
77979
73253
9667
48767
65433
68697
16711
57042
87348
77943
70156
6157
53116
55466
90892
93885
8102
48404
99591
6256
72974
96427
89663
91408
34856
25379
75050
33973
21679
82670
23933
47405
14864
29791
89507
32323
88245
77606
94812
82704
36943
60233
47845
23524
3255
24246
20045
82478
61457
66982
72871
69192
22834
38116
51039
25803
68195
28594
79227
74442
16477
46557
26362
6249
28821
82236
36026
64442
90267
93063
28221
92682
16440
65947
72837
67543
70625
38301
60079
87068
55979
97112
81771
78981
56892
33400
95865
13513
4719
67641
26513
83391
14211
24768
74504
76799
53030
50551
98909
16709
68344
96208
69952
450
57775
49192
76323
18929
40436
29282
28224
27224
41685
56651
43097
41329
23120
16552
24258
62157
88262
28579
9820
88445
34981
32125
48995
79647
36194
1049
21687
16243
23967
56675
67921
58225
72152
44530
2735
31564
73814
33436
48669
6969
12641
35799
91462
81351
1986
20674
74461
78589
28530
26845
28472
29542
28090
46559
91329
86481
81382
43824
25691
59245
57282
28559
55773
7395
21089
10785
62392
4403
95179
96513
96431
99200
84817
6327
84510
1755
30285
28753
8859
79281
21136
31396
13640
38449
18715
72655
90912
76372
19400
59950
72516
87040
17408
49508
7349
34937
74682
6353
94425
87204
41572
78553
56817
95523
97225
6594
82330
59277
59761
98680
76713
38452
33019
73853
98613
35597
89457
20528
30938
96820
97048
56791
61210
75976
64347
89607
39734
13523
76955
46374
71792
38492
96547
4953
2066
95754
3804
39984
5492
679
54294
99476
93862
3273
94697
13249
35694
98775
41315
51755
21588
42787
13678
54423
89274
19396
6139
32971
46972
85435
63875
86759
44287
43983
67125
21950
9021
64209
33098
18124
46628
31474
83854
48463
12784
73176
4982
40384
81702
62470
45147
99580
70731
59678
98954
46836
24780
71442
94383
60513
87322
32447
26207
60796
97764
10158
9324
9257
78849
73805
49844
74624
84396
50341
99049
93140
91014
68883
92441
48627
32668
81444
7942
92513
18731
19572
93578
28813
37720
97295
74062
32134
37006
69241
91720
29049
51395
38770
40749
83335
32148
53491
24760
24864
53549
79559
81832
5002
11304
89296
95865
99094
19871
8689
21202
69868
45318
65701
74005
79918
23661
87827
39204
33166
99673
91175
78487
50234
11285
92972
57129
7248
59339
63367
2732
27504
48116
21380
14056
57507
14861
30575
60468
40649
23024
51891
73029
78848
25667
7055
77181
149
70747
58835
20444
78104
30027
61075
65276
58688
94307
56919
10858
30681
50895
32595
10405
53676
45474
3433
5243
42598
23059
94937
57731
56885
77319
37739
4382
74465
19578
87508
14996
42903
37734
80888
52775
83666
64704
16323
46190
10274
13276
75692
27035
47653
31282
62517
1294
90111
68081
77099
13866
36015
7197
41669
67833
96766
33661
35745
41809
33157
37701
88614
84152
11962
34396
30721
21638
43748
28825
34837
99106
103
19175
98985
38767
51369
13144
94921
38815
12693
76087
34099
25990
61080
29178
26676
68263
57673
77093
36121
97412
88682
25153
68523
99533
3995
45285
69167
5954
43871
52650
24556
40419
31281
21442
53406
56127
35815
50236
60608
32983
93505
70074
95699
99545
25829
55526
33241
73844
60561
9487
75451
9057
14271
83906
82232
89759
6926
85591
12079
21674
69783
26184
64216
8200
55270
16242
20299
86241
60394
13424
97721
96868
31493
51667
34257
33910
74397
55139
29568
49239
11765
30
67140
35439
64678
24876
95632
87429
37216
52888
5818
94145
92015
36296
8876
75732
11161
45211
73553
74922
55165
90759
47530
2376
92306
39882
97641
85256
44092
87294
49321
29734
60924
38529
86544
68398
1282
18518
26753
77519
62939
24247
82953
2511
9853
2642
51386
28110
3133
62084
89618
53088
79627
45501
69002
5941
48360
56498
51032
85005
49969
34921
71823
78597
79869
8607
78635
9531
57918
55466
95098
59833
57824
1066
66774
45831
27143
15764
18072
47081
5163
36446
50117
44285
52354
79432
48264
10604
89262
19191
8541
68511
61867
24289
55285
79806
60481
87643
91201
59867
90213
77621
97458
7601
53608
79108
94231
17923
59680
73640
10792
29342
83316
25619
34702
22308
23827
53876
2886
36059
83943
82329
19305
14086
45932
27091
43644
646
68977
61411
36919
184
45592
27029
31283
56042
74886
40915
36941
53317
97228
19592
63729
45422
16272
99981
37098
86834
2431
27070
50628
34845
49871
77394
60293
84919
94870
81534
5761
86633
72326
94190
45555
78939
51200
60567
25936
2326
95894
69701
62917
29940
97210
51829
46147
52960
96438
43017
21656
47676
13450
13281
25917
93726
94039
22096
52297
70185
78675
12319
36970
4696
53514
26884
31676
86788
29891
93532
75894
59502
75903
47768
85939
50758
53601
83239
13703
44287
49803
29082
74592
33054
84309
62588
28370
59597
73547
25786
22694
63091
12077
52186
10091
84619
24632
7503
79437
36083
62463
6104
31921
56614
78669
172
44125
30054
17583
98380
55729
40553
27534
99344
45858
74782
1096
21538
95030
13555
78615
3230
9951
77595
1703
58846
80396
82426
31684
76798
13779
41737
24988
3077
39893
22925
41756
74826
4129
93250
22343
21894
25537
58102
67649
75032
18128
23239
72980
28839
62721
81073
55237
60659
62683
1702
40630
4637
27845
80866
70543
83641
61814
95798
30824
89588
78933
72070
69611
81905
2629
26387
5645
47166
88131
71970
47181
94170
27594
90960
95157
26862
38421
77627
21942
25107
98853
2261
41805
31774
93666
48449
90834
97482
27813
62023
84905
8296
23983
47824
70718
59402
73146
45384
3205
8237
73683
46511
57067
14554
58845
64093
55274
88700
58933
4945
9524
71119
42526
47511
48574
41461
25888
26130
75888
40398
5773
77664
28007
56899
23878
49264
64845
12869
24162
58073
77664
91328
40516
48216
56263
2258
22510
47780
78075
45849
97881
43473
91833
3102
56157
36080
605
77246
43580
93921
1219
12427
48057
44489
41994
19820
71878
67639
98611
94931
49749
24827
72232
51599
39311
46004
87280
60306
38940
6003
49028
4218
62045
95227
39059
13607
27153
29341
74591
9887
22430
25513
59297
6285
95687
95188
21071
4937
20345
11521
35229
38008
89928
28542
40736
48768
42060
26347
30541
20277
33011
290
52170
19461
702
56704
86270
89328
68990
35101
22154
57823
75713
47276
99765
61313
27894
76102
38652
88977
62271
97912
80260
950
12234
16647
68780
87580
81349
60553
76720
35393
16996
4126
48979
44302
79687
68849
58916
40095
17555
48750
55236
36617
28150
85063
16013
75117
5113
44207
41091
31522
84110
5440
77681
91256
26582
34894
45708
78163
44935
40823
55134
56724
88629
9653
91000
87843
88661
4317
23394
17122
31257
53917
363
20611
91127
25568
23097
48139
27051
7874
6977
94367
47987
51661
77014
60570
37789
22521
78519
18486
95904
5995
59573
17520
57614
81461
96340
34507
52705
9285
85915
65177
19627
17176
37240
77003
94874
14804
18472
92958
55716
92365
37905
48172
96141
19482
32471
53779
12464
29583
49918
69795
38370
97856
58982
41720
94934
69583
3120
96688
15988
72246
17520
67523
29124
40560
81378
70592
8316
95669
26404
17328
47308
48526
74386
7833
56870
75331
90649
77410
74981
36934
98296
21420
5989
76948
75980
63278
31366
96084
72135
44458
97816
32463
73355
16862
77203
37165
74172
1915
30987
17659
50677
39550
83452
36053
89509
81550
87614
36269
43388
70216
67772
78874
65427
21418
59274
10028
50894
91912
48871
52747
9922
87117
52177
1787
94735
37260
43011
62606
61483
19081
10666
33711
93840
8250
70122
90698
81415
37657
78516
33902
35023
85282
20977
28352
40597
53763
527
67923
48733
20548
86607
42670
2895
72529
84662
44260
43379
20307
50127
7509
1671
87424
95901
84314
45647
34098
26620
22223
14013
98394
41345
26121
15072
20172
54247
46428
48616
7948
17537
10739
66659
84374
57160
87823
40704
13313
31264
14946
19765
88614
74817
19304
15840
5227
17956
89251
54068
11195
92044
67516
36546
53964
7465
76582
24775
57294
36934
57510
84985
16545
58602
20922
9553
65830
6913
62704
99836
4362
81013
42170
22184
24739
49642
13576
73599
23068
76815
2359
17514
63161
8005
42133
38868
78223
44116
4805
58585
39523
48356
45562
73145
89084
81039
64271
81804
5121
1488
76324
4161
77500
45942
84968
59564
6065
7558
90093
44434
22133
21329
8421
99597
55650
16171
19162
24866
33979
99805
11803
3400
47580
1056
17746
43539
5871
69552
7551
36049
20252
4539
80284
24331
58627
92374
59880
45160
56630
13850
38665
90965
84705
50211
15986
6167
27501
57276
49032
47150
75158
45983
27558
23180
1886
64537
27729
99617
22452
31103
84121
84017
65274
24510
57722
33512
29727
77600
32568
56882
31633
62846
9922
98891
41702
94396
63788
20956
55244
20358
46808
89425
75491
70786
53012
50774
41864
21248
20625
68144
69817
36038
89526
14949
39299
45836
31449
58675
53532
79822
1533
75181
69032
16682
79568
16108
79865
52962
9353
72880
91398
42270
11465
13371
43945
52223
44369
72949
71941
54022
29757
48023
15085
78593
83401
67119
28113
80226
54221
56819
85315
75803
1463
49797
85386
40707
31188
87514
93720
44335
33031
8814
27309
85883
67225
37397
38421
88243
34865
78789

