5000 5000
49703
75561
35746
89002
65094
67996
9336
99843
31515
58590
88582
15894
30493
44885
51224
90540
92305
77578
53710
83039
12984
56756
25320
38318
10417
97477
69430
72734
99488
86872
61488
9434
99750
96301
33740
80104
69953
76262
73401
98098
44196
78937
9681
14214
38601
26218
97222
53207
40943
64615
47483
40277
73237
37011
49338
27107
81602
6385
26458
49208
42155
21411
90296
18429
32403
13472
91978
77933
93963
52057
47348
67158
87642
49551
17349
8934
19043
23540
29865
26134
48107
34912
92025
2865
68939
86062
96956
7964
50166
6747
22866
80786
27935
38417
73876
59606
45500
76857
99631
93497
60614
77959
9338
29689
80385
49519
79009
64412
9520
38696
22433
57222
44864
1314
175
67466
16498
33904
6379
44485
49827
71343
7506
34465
77722
86148
73969
67819
89316
75478
79482
68223
15965
27210
57106
89226
12653
84372
49399
97710
99741
15169
10800
54974
86662
8839
4219
67059
93152
32700
38297
94621
88740
22413
22946
16837
35371
49643
65058
72134
61031
13793
33226
78121
67111
98205
35438
18666
26785
92463
6279
28829
36825
85888
66384
80011
65320
73107
35871
97597
20120
93897
34832
58678
78932
46461
7356
45618
20527
1796
28994
34923
88065
43465
25958
78157
95203
89123
41906
41216
52469
56544
61587
18349
19642
45871
25147
84438
32590
36380
11712
33548
55820
63272
94447
46352
46980
16058
79558
8382
27454
81973
74215
3893
84689
86652
36229
93833
29276
40815
54259
21592
88433
77695
83455
87895
5397
66856
78126
92291
61284
52826
33992
40363
74810
78273
55315
13117
76168
44976
52993
41058
16996
73972
22143
35968
50047
66068
89438
27860
67705
84942
56725
45063
2043
44780
27716
72664
23278
9811
70007
74748
82774
18400
32384
40851
32221
55084
51656
20439
3772
14380
52093
52959
26918
59307
30587
2698
96873
83418
56069
89210
92090
24408
45881
28466
64712
44801
28105
55983
89557
70733
21688
54496
76053
48861
67595
82974
17255
34301
21787
25079
62847
11864
68764
75796
23013
70854
58944
46414
1695
55239
92187
47470
66627
35402
52457
39775
26352
35092
96673
45382
11211
99381
95486
32927
72996
45039
28184
77768
33979
14610
19923
75062
7698
41674
50685
44603
18894
99579
15065
99078
99391
85224
98567
7449
4390
41765
77811
65697
91781
5970
24509
45814
74478
48231
93628
82511
68782
25640
58296
99432
23402
99011
18971
94669
29122
8698
97536
85168
1853
64648
79505
96434
56476
60573
30813
75085
95132
14426
27909
59562
27032
89011
19929
49618
14910
84274
76098
96202
44280
12661
33596
76920
72928
31804
44422
27813
80485
18659
98003
72232
82613
95926
19393
2518
3382
71803
37344
91476
95952
1801
66108
40980
70825
70211
90875
95084
67057
16606
12810
76353
14921
7090
26174
19882
61140
70609
49809
41919
24436
64727
58245
23126
99641
85842
72268
29187
42752
56459
38968
78844
51184
33790
54581
77821
11405
17513
89444
68039
7411
65345
58601
99511
91301
28428
92281
83769
88319
54193
95962
52607
10414
7255
5279
14669
98018
14783
46831
78402
31941
21672
15292
47330
10229
9990
49183
79930
3083
29083
61340
70331
75025
93135
97679
97097
59310
49629
63419
49007
17170
42745
24182
95255
74405
5210
69545
87166
47396
43021
3040
95508
61518
84302
76716
82633
23440
92547
56899
78668
149
89849
43294
88055
54512
82206
84152
89481
20702
61342
85750
64834
38553
64859
23979
88576
84208
67049
16918
57020
42595
60856
69707
17173
2632
64594
94907
39037
520
2829
78284
48547
86578
78644
12887
89477
60256
94723
4675
61921
22304
93190
58040
81298
5232
50923
97279
54022
72913
61635
30546
16993
91017
80132
82002
74794
66362
48268
42418
40027
14860
18566
19610
17720
28121
80540
96684
4120
79854
50622
9465
58693
44133
11669
58659
53760
726
55671
69934
43101
26693
99233
65257
96172
8536
78944
68993
67883
78210
43688
76109
9380
61489
84340
12986
16062
87409
16987
46046
99959
51038
61990
69933
33923
83046
36979
93116
10763
26596
7862
96292
44838
57324
22355
14233
4016
55489
76085
43911
78751
90193
30254
77039
89350
74970
83903
21134
80566
90566
51259
39589
31999
76768
35598
12957
92626
43925
49168
2326
84843
82847
19528
35937
19372
55002
85518
34125
48986
57368
56225
99079
33499
4734
48738
95423
54691
76416
26459
65819
60827
26991
27311
44880
51893
22699
62213
86674
99832
85721
42831
71374
14477
96414
61173
46356
36923
97711
21722
64611
8003
78157
86253
49123
58094
177
8074
59137
56574
25357
49061
99336
39818
32958
42099
15480
83244
74527
51393
13220
47405
7756
60040
46499
93202
10443
82704
85214
10404
14573
91793
99129
27147
56306
77894
55223
8860
70244
21868
42782
25485
74746
17049
47206
87573
10257
62269
80513
75202
11289
97757
338
80170
75127
24097
29494
72031
86745
84202
30175
85590
38317
78214
84635
36791
34412
95319
74929
11595
20882
41310
60476
37466
67351
21763
9867
82357
22280
33357
85253
39277
96787
25528
26452
56013
13460
83136
65212
82927
78714
60990
26518
98479
80630
86359
48333
3344
89747
33796
52209
28693
81746
82408
27418
42298
79511
134
46230
44123
64340
6445
15878
72973
76770
56953
26357
60299
54131
46150
62965
4702
41603
5217
99453
59407
37302
97418
85422
45520
45650
19321
8302
47717
35741
6478
38313
7668
21956
15181
45703
45455
61791
77322
70732
13465
2425
21974
26750
59925
21759
19764
33394
22857
36976
60407
58279
20542
38379
34758
19641
78182
59248
86446
26348
39828
28871
2632
96877
92250
92500
76098
58798
31378
32370
29657
66267
28964
54561
71525
42126
77091
82536
48305
51660
11350
76946
56369
82581
53444
25147
85503
65397
23223
90020
30958
93660
77432
53287
6078
55892
46798
39476
44294
87512
67391
28522
81608
58893
42414
37904
44057
71532
89706
12973
37315
17095
95435
32832
5591
88104
70497
62561
68130
90543
85071
33773
24329
24538
57007
23383
92573
67088
28467
77958
22174
75734
75936
34753
87972
43906
84006
42261
6576
12568
72031
88092
45926
2808
89107
28062
79474
87142
12299
70893
39448
75826
34637
60781
76770
29004
97785
31290
80498
62660
75071
80669
59331
89707
67705
84171
14020
21358
97168
74532
49711
63887
61824
20634
32096
59534
6317
27645
70333
8102
59860
83476
77128
88518
48123
91360
97636
60834
7503
38912
19427
110
69260
42519
32703
72068
55499
90982
18922
91304
70398
59138
31381
67289
32465
69827
7897
36173
32884
72886
87178
5586
48080
97154
3943
40612
2600
11917
11151
64828
31279
2728
51184
13436
45652
25836
15686
62607
55624
43743
66280
66015
12549
74136
26373
80688
45362
60920
26458
34555
79901
58182
45965
1579
38072
70125
22572
52336
40253
19276
52394
3800
86953
46297
76231
14347
26186
89914
89854
21070
39578
64808
49216
97372
85428
12299
99453
16713
20245
71754
53312
90827
8858
67691
58092
60306
32321
80605
23720
35160
48840
61056
53575
89665
63901
24486
75305
61333
50695
8111
30355
38737
22041
66242
47731
95913
47314
72980
29420
7245
877
63270
53224
34367
64253
8903
35887
98052
66923
33837
43827
74145
51414
65187
92233
49023
27739
74817
70594
79643
69045
96054
52678
6205
15465
13924
34726
27977
9845
28712
90024
17061
38431
89327
67249
14514
84530
33731
97313
83783
18366
69756
96817
3951
67454
36516
17887
14680
97790
57930
99871
28232
48564
15230
62716
270
64983
88110
31347
52613
86774
78449
30457
93523
49643
37724
99924
32158
20357
36887
32465
55306
8547
84819
54824
6710
33367
61719
82705
49942
45897
91022
31943
71452
49917
37610
67308
1613
60800
21611
89129
68302
65370
35168
93135
61739
24586
28798
37973
41295
46569
90173
2139
4910
28143
13009
83
25123
71166
1837
79928
92260
48960
28758
87776
41526
26534
75249
32646
28044
61427
9003
79486
50579
87569
93183
98950
9506
46947
38505
38231
80553
80267
48654
1551
96789
55066
58386
83174
58856
26156
96779
35441
25173
12145
61730
43808
33593
21294
21547
74742
85564
73478
75455
19375
96864
71409
76641
37205
59166
31318
35468
87071
40715
73606
65737
6744
52646
29510
25754
29327
6235
2496
14010
77847
9597
12071
56786
91069
3874
11519
40942
46271
21077
14842
73910
9583
35532
43409
63482
87546
93022
77740
34957
56189
20275
10298
39271
17144
39498
72745
18968
26039
48086
33707
21752
15418
32866
69801
14870
54855
57000
7624
48174
47510
91504
86837
48554
16210
71363
37698
29403
92733
98202
42460
33005
24393
99823
44584
13638
26796
63474
93828
71369
55821
71823
17134
76807
50507
66116
35127
67088
88835
19982
4598
96852
58347
94622
95226
44851
54676
34832
94945
62971
40397
78373
37909
24941
75015
88467
79487
59428
15063
22108
23798
1116
73308
92419
60298
36349
93031
84738
59512
33449
20972
76589
24795
97633
7631
47446
63591
75488
28130
85884
16570
89541
95025
38662
51998
95149
31685
16905
54560
52706
66788
60042
52852
89644
70539
11507
52807
41985
2745
59598
23023
68091
10435
44394
24198
94007
31486
53211
47013
65600
57830
7030
23429
28982
956
58576
11823
80972
85770
45855
89020
93018
8014
83257
97347
60278
10291
39685
62265
87969
79268
35554
78878
60744
64611
43185
53526
42954
92404
24530
65060
94810
66529
55353
35576
34166
62199
96059
56160
81207
8624
49597
96373
18437
53060
48758
75931
55791
42255
10944
7869
19528
94889
99441
85563
21849
30567
90001
75718
56191
34098
3162
68733
87203
86158
89973
2058
23715
45959
66395
12621
48920
6508
88012
87470
27235
45967
39138
75314
34475
39305
26933
78339
13198
73511
75551
90683
70647
6980
71951
58502
71247
16309
72465
15466
19935
2665
99464
14856
10294
38255
42660
12274
71866
20957
98081
34736
3904
67658
6756
37638
8193
20676
77704
48513
42671
43359
62341
74658
42346
96706
92460
16131
49229
43777
76428
58189
59066
28319
10845
15717
5369
26100
66842
55415
3599
42998
55337
24827
76944
25286
89683
18323
81218
43002
14106
9545
98860
95249
93171
4456
75217
66699
34973
177
28700
41723
28927
87766
89482
66141
68155
87092
19683
62777
98928
82762
40643
1123
51187
67537
37425
58259
59390
94375
51496
6394
27054
5271
22361
32032
1843
56039
26454
73035
91879
61865
50588
44911
66339
16620
20592
34196
61557
34406
61364
23997
94388
19075
83377
51298
59597
97806
12026
66675
29054
89448
81354
45944
36991
23853
23928
94503
53507
34250
12933
81354
4242
25584
9977
89729
22599
63476
80586
18339
36970
6694
573
67643
84240
30708
6053
59636
7633
26869
37392
60297
94629
136
89812
69296
69105
16060
10407
63996
6241
33335
94026
65090
63967
78509
25118
22366
12158
92723
87890
20843
9002
49426
75596
80759
89184
84981
50705
51868
39111
459
61207
42268
98227
43409
90820
36482
69332
32747
3025
18261
50036
22182
2410
6442
46258
93105
78362
26165
55589
50215
282
50078
11580
60185
42963
7196
74507
9794
15286
52875
65492
43398
23132
45878
86399
67538
40690
13532
67844
38717
76420
6897
43172
57279
94558
4809
72474
99043
60880
46893
54639
52129
11260
39150
38971
14208
64088
39552
76678
87117
15697
38233
68115
54847
48644
44506
31646
58859
21742
82181
82776
17962
96291
96821
40666
41322
82651
81438
76921
98666
11190
51069
35498
49197
64496
88234
18813
19580
12511
7142
51788
81655
69394
55497
53477
22670
13261
88536
57353
7430
6601
6720
95792
72863
25769
212
80808
94968
97055
2428
93682
67745
49057
77247
77778
12592
59142
5314
50187
96456
17471
65031
40197
32126
22293
88538
11845
75379
37623
57717
64505
1597
1184
33830
4291
63605
37772
98528
93974
84649
90773
19236
85489
60528
44509
90755
85272
37918
35912
57202
21868
54158
18400
41962
99915
74442
18960
66911
22950
44188
98250
50641
19641
24636
6477
88207
85025
73808
58137
7373
53857
16006
66900
52736
2961
35900
45522
31216
76998
36522
39900
96193
52250
25403
53915
89289
23762
51172
53214
45611
68280
48566
22318
1005
86628
37211
7378
68908
36694
43558
40138
46520
91429
22951
46063
96927
33694
47346
26200
95261
40852
12244
17880
63663
32857
50101
67177
55340
36203
70463
91208
86344
24883
79086
74278
45127
15790
60739
31318
75259
6793
12852
66287
94116
32496
34820
10173
66454
85152
92948
14759
99080
67786
59002
30721
30446
86658
26731
55547
44817
65604
89499
31487
83698
52300
4316
80663
66740
96488
78532
44800
16164
60385
54781
98768
48639
55864
12676
68312
34248
2293
13477
93310
36227
7276
94853
18346
43257
47485
37271
92694
56520
13923
19234
85372
13655
43678
10290
34618
43507
55667
32745
32985
20773
77693
36792
66307
66702
30463
33426
55568
13013
38938
87688
77765
99022
67628
75248
56704
25915
75117
4946
10110
81020
66949
71814
26748
16628
67146
49936
16107
61528
83495
2750
36353
57135
95348
18219
99967
27116
86424
781
62374
94035
55349
82095
63576
79261
11459
94430
28539
27733
42777
7708
82905
28507
46445
78692
40361
33133
57230
52712
79509
49391
49854
73979
33365
41712
3807
22555
7330
96067
6293
68693
43083
2648
98791
22441
34852
92064
43397
31139
93536
54922
94192
48904
53922
3653
45060
36893
62463
43798
21083
90433
46903
85696
59098
29266
42457
91676
84352
42631
13907
34350
4236
36619
82363
69946
17197
84325
86279
51046
13585
60765
94515
58608
83995
44519
72241
42073
48037
27232
68991
56175
75466
85205
68746
80288
66947
94025
5568
22094
55394
40945
65841
66882
91214
51968
1127
3623
94945
5360
13467
11792
79966
34074
50213
25370
55466
10547
31134
23453
87935
17337
13651
55763
28447
83430
74149
85648
96169
73994
30213
8413
78950
93597
83824
46435
99007
78904
10013
50958
40362
75569
50784
46753
74033
14946
21730
73812
37506
73780
65729
34327
46044
18240
42650
4073
2310
73840
39801
57395
86731
68621
57986
26828
38167
93688
93432
1678
1985
54531
46537
96834
42888
59236
99514
14602
75887
59434
36385
92816
99426
98055
50953
2411
99400
64021
42960
8476
72552
32224
28072
44725
58757
26231
12806
28397
91394
44828
46166
31748
72968
53608
783
77348
40141
26331
56251
10284
20998
8432
35733
2197
45003
96711
39067
31612
90629
13693
37898
88267
57211
40771
70686
85788
16401
62495
70251
88272
14735
12698
46272
76271
18935
32657
217
86733
41078
57552
94624
96042
65323
48738
95387
20941
84670
34720
62536
4785
50767
27751
41164
40876
20192
72433
54721
85085
42552
91572
45291
20184
83287
8337
27417
18291
21989
49695
72866
97936
27598
16393
75480
38754
35397
69454
36558
38652
79685
50258
6871
69859
28933
86434
5540
37414
45506
66092
131
96586
2410
43076
11400
28980
95653
93522
17520
18795
35354
60488
20276
79459
14158
88318
66643
2872
40288
68201
99238
89108
31618
51107
86975
69831
81536
27807
61670
83817
31050
30509
62525
43007
95428
15404
68391
74599
52672
38634
36961
20248
81118
67301
91792
23040
58078
65890
6270
63364
36442
68050
71325
10569
319
99031
38245
80878
18293
96753
79813
2313
89289
6698
95162
89482
48545
88552
70765
57900
56705
41738
2267
16496
56603
39367
25803
6900
5653
96085
36925
29629
31297
6465
32210
15704
71874
58329
9242
37094
5750
46266
84805
86257
86103
73291
49512
5160
2697
90984
704
25818
91344
87669
77293
37749
89478
84782
31735
59993
18771
99974
50215
23909
66599
20639
26081
45456
59748
88048
26642
76397
96186
61474
57586
15965
59154
24239
29053
44083
58786
76978
65369
30369
9684
9749
88974
80469
91047
20378
88718
30068
6801
1057
1221
46558
34284
13172
47456
44573
23226
74947
46505
14201
7094
41925
97816
13200
47898
2854
91584
76867
81672
53695
78340
26861
35226
3754
75339
91694
84641
15547
84610
39984
91261
46315
62876
23967
8588
45660
56565
39942
29188
13563
29702
81345
41236
26400
74103
49060
45994
32888
48076
97342
25457
37746
79286
77306
62042
5566
38964
68749
33963
86095
52696
59896
48561
615
32464
911
76933
79365
3383
19847
75774
47393
60566
50068
7179
68911
93094
65236
2986
1364
50282
75113
56925
10740
50151
27484
11386
21633
50966
58034
9372
26179
58128
19971
36717
77545
73792
67330
54424
96438
21764
3653
19893
42103
88704
34552
9717
69076
34595
31317
98831
83730
1818
89318
19108
11117
914
65492
15554
47653
75889
87636
52356
22366
91138
48346
7109
88062
84434
10265
25579
67073
10468
22561
87113
43788
49047
31693
1915
73564
15353
21515
81760
33577
24946
99593
46520
40100
79041
91832
86237
10654
7025
35975
59917
83091
77809
16761
82706
54734
90504
7623
24378
86242
83064
62188
15508
71639
46862
32053
6981
39592
83788
84428
36545
59570
28003
14900
82706
52441
12002
59746
61308
51566
38986
32945
88274
66046
5731
80362
42082
9128
96373
19845
8395
23544
65849
61919
63105
91154
20107
96773
32283
76382
76114
21842
91877
64935
30068
39694
7911
44947
56753
84876
46372
38645
80295
76518
70177
43750
78960
1174
52340
32341
11909
87756
1738
48873
67389
85435
43137
75377
93232
12381
93335
77752
44392
28324
34577
64876
7564
7444
799
50346
37313
24381
50920
37882
23835
92663
67065
68870
32341
12477
97214
31778
97139
50225
251
76858
78924
62885
26403
81240
39857
57330
23050
15167
43478
66264
78371
67329
8540
20604
42226
25053
74304
66202
32562
36509
80678
72282
73115
35403
13119
58314
59726
67211
55633
38413
17764
40124
54933
77138
89156
61450
63734
93452
80273
92709
35892
97840
98662
67335
1590
40176
4338
61792
92222
61908
65810
51114
9172
68927
73430
49218
53077
47974
11664
31010
56370
30373
41368
64146
68999
67084
78516
89380
49827
5446
27715
13291
78083
6612
12587
59312
67825
15777
46391
11281
5534
1361
93595
89797
62235
95703
22906
30274
73128
33874
22085
87727
87538
32029
64593
78517
1852
67321
35160
78341
55903
81161
50835
86172
698
30176
28431
23242
4539
72867
36418
68786
82086
81097
73792
71284
48079
43285
25351
28996
75178
59246
6488
54682
84083
95828
5636
83544
47953
49785
60329
49681
15423
62309
12062
9704
11293
3530
57169
2224
79919
59070
83629
95199
34273
6490
18423
94755
81834
31248
76660
92748
97496
67189
70938
3300
41878
73245
65882
69850
63090
21197
71292
36889
80033
89282
50101
78821
49929
36557
72601
96504
82728
82517
38127
3368
71155
56339
68292
21807
4613
69431
76640
15334
14481
37155
55516
62568
62641
59586
51962
76035
10636
24339
32086
45030
4429
12360
84338
44370
66841
15046
89314
8948
9436
13883
36652
22653
95608
67712
62012
25670
56487
42708
26652
46790
87975
48040
98048
44946
99443
45098
50230
58859
3209
4733
20360
37990
94210
46697
86273
93216
35590
62969
49143
47325
98672
52196
70703
35987
26717
57319
88518
42417
7546
17872
53150
14511
38077
78928
80035
31765
20952
10133
43519
87117
50407
76270
4455
14375
56121
47338
73174
41614
43605
38393
71823
80022
8854
94951
54352
55407
39431
95594
53735
70883
39092
71956
30471
14743
50700
66570
40797
26126
84351
72013
2805
1895
25998
46706
59343
63050
30689
19214
93547
42003
79929
85720
32514
86655
6369
24505
77902
90852
51189
56055
41121
48305
27803
74138
56909
71853
27365
76009
75506
70575
37927
54007
50042
2428
77176
15585
74511
29462
60375
82121
69812
6199
83824
21151
54688
95290
41971
66426
61411
5759
63416
73528
38346
54107
6405
59831
50234
88937
96947
82911
97331
42369
44357
58176
2727
29530
23494
3127
22469
69176
38222
17287
67226
93283
92605
48448
16928
40883
92973
83627
40997
11027
61448
39502
19563
26797
90802
63895
17920
13450
72135
8292
59164
84330
82282
6066
10733
79654
72426
14845
36574
66981
15816
35637
69243
22457
26083
97605
10416
13955
5560
63322
72233
57264
36556
88424
96638
78527
95910
39603
91148
99427
17726
72018
31845
94402
61454
17086
11435
72521
79207
61682
2800
83369
23826
24884
30555
97960
43893
26253
70798
37618
31546
55174
84446
77578
74138
76972
75117
6618
94476
38038
579
91917
14430
78195
65727
29950
97167
28681
72924
24079
17586
49370
96319
99016
81911
12736
29301
45657
5415
91938
24608
95729
73088
78073
79162
52351
70520
18259
87649
99587
29750
73173
60119
5553
51847
41254
47948
77650
87652
26543
46520
37328
38181
29610
40833
73928
99910
8144
63764
1505
69641
88354
6740
7724
97207
46584
69440
88349
28706
82475
83164
3892
8134
70340
62556
63084
65331
92829
46505
98551
94794
26553
54340
88351
76612
16081
66220
4549
51657
1090
47042
18348
43877
64429
27904
42902
36433
81828
82796
62710
58451
38366
55753
63387
75944
24784
64024
10706
42312
82639
41808
3062
23080
797
74025
11226
98113
10816
24986
44173
4503
87205
40334
53306
73996
39415
72840
40999
42858
97582
46086
39221
35447
79191
63907
50574
48094
94885
40934
6470
42724
69968
64041
95836
77631
96882
33043
88343
32544
75107
54139
52659
85471
88675
30381
63611
41166
40323
6900
71564
71407
56155
24331
1946
25243
12662
35457
99797
10955
68442
68222
93630
77998
57220
87950
20034
35056
77133
33800
64871
24768
18728
54325
10222
83011
35370
68465
9081
68883
32646
96642
94910
69523
32383
59738
81466
45061
3125
79012
83290
70447
86376
18912
28392
79771
87501
9085
65053
40196
76712
68805
32973
6949
58818
21265
72972
22445
19582
86132
59221
88244
66794
27171
67010
40478
13064
14009
66805
58323
28621
20557
27285
63741
64122
97556
35828
54581
34027
50909
62637
96450
16196
85978
9931
98534
30937
47685
71949
62152
52433
39834
34775
69990
4438
59309
76685
48191
36017
99379
12155
10093
60858
40086
38577
2906
39605
39089
41840
94779
94200
73461
81981
28029
22678
22869
87613
31983
85438
28184
80095
2163
71426
26562
33654
5898
33030
68790
53395
7428
3849
22643
6444
45073
18360
54164
81090
61011
26957
14282
28446
80917
22155
13067
82484
71764
18475
53214
4117
34425
27081
86649
15552
75095
46114
34487
78102
59442
59486
79129
47949
23919
87612
62989
94239
65589
41737
193
73275
36063
97232
78500
83841
97267
93007
26938
5793
71050
20608
60991
89022
73256
16676
67128
46727
1282
48543
77667
71174
39792
16327
45397
425
69433
6790
35289
9245
20476
49022
97067
83046
7829
77864
32526
36308
92480
89069
18452
16090
18454
83146
68934
41800
43906
40581
35627
8126
97606
72321
28727
64813
46565
42508
52348
91009
33381
84745
20938
41076
65166
9146
62222
29583
79444
49665
95213
85474
66195
79274
99312
34495
8025
36752
64545
27358
79297
24173
50360
83248
12475
80133
59164
9802
87677
51385
35150
98477
76411
74621
47737
45627
28042
64612
54881
44874
31804
82766
27529
95093
51397
63673
58535
16017
68950
28022
86497
26554
56412
7999
96349
85228
73906
60403
33941
16685
633
78810
86379
98115
2945
30556
4955
8442
25928
81146
20932
31422
88992
54566
13817
10848
31676
76473
75110
32768
72764
24456
29808
35141
53369
52608
45804
61269
73401
93461
92179
60795
69991
42371
15018
52120
39566
50133
98710
1099
89534
72108
82965
68942
68794
25288
59098
52072
25639
78056
86063
44197
24239
15401
33753
75353
71707
65302
53793
94377
69538
8035
79201
87936
72041
11622
36528
4744
17122
42488
27999
87749
84140
63904
93418
81346
89316
70702
70123
26160
41384
38478
37268
45849
99547
7126
38497
35937
83476
49989
37960
46271
94929
19132
99620
13377
54438
3780
92856
96338
12074
47544
37797
3416
16412
45150
89038
87340
70528
54712
6322
38678
26300
42799
25141
27573
86419
99472
84363
27032
52735
23490
79560
28214
88086
9969
81137
67710
98091
6162
99434
42885
71201
76002
5803
42618
11276
61623
48855
16255
79595
19263
93287
83569
23562
5885
11627
68791
39155
67640
34634
26643
47489
40280
18622
24747
20839
6246
91310
61632
20886
1041
49264
82382
44225
65247
64460
88794
51922
33534
28350
59523
51785
86819
459
63617
80464
26699
72139
73804
60822
49479
34218
43716
93767
74603
40800
5723
15401
65178
54529
90762
47995
79329
84877
57616
91877
8761
39835
13879
25300
93789
85595
94629
7663
74208
14984
53930
25977
99281
16897
39802
23020
31479
70122
99799
15820
64755
50626
41660
61935
81238
10111
22406
7537
65639
25250
80430
37931
57280
61028
55687
55187
85374
94922
83686
78746
14441
95321
50195
59078
88681
97847
32120
84635
53255
43771
79477
88054
69094
82521
50248
70646
94198
78571
75517
50381
59929
69325
67498
22411
46881
66976
59633
73234
44384
82451
40807
54432
29964
9241
10384
53756
95999
55318
94742
67521
72341
91157
87514
88054
6106
45847
1611
51038
58381
43908
68834
75814
91
38722
32236
2166
43167
98228
46933
23185
52858
64825
77597
1993
78623
53140
34092
1354
32160
79708
79675
93250
2001
76904
30708
83616
55788
15974
39603
55542
51362
9959
81407
95829
91566
83841
31351
94337
26211
43750
57451
62696
49731
5106
87931
23803
81874
41172
73997
60394
58672
10766
62506
96196
31552
27959
95365
64341
76767
95374
60966
40664
9891
57801
10810
66868
5143
16007
43733
49860
28246
11379
26477
41336
63107
31807
40427
48131
27785
1580
99131
3604
20618
29142
31629
68578
27953
94619
94829
24056
18548
40234
87090
64668
17506
59352
73661
64193
36281
82406
57859
32697
49804
9974
22697
53717
78206
10580
63741
31699
36180
47595
69654
18792
39747
71757
80834
55490
74716
52645
66946
20375
69685
97292
75067
25657
91636
82417
30112
15728
54213
1174
24428
21748
77013
91184
37764
72199
43946
32528
47355
77340
40500
33747
71239
85419
8488
79694
65193
65847
62365
4155
39602
86877
56254
79778
28564
91282
3825
22892
22228
89221
40089
9396
69958
69363
9278
67304
72556
95973
35791
14133
3929
93972
12499
64812
56813
43315
46767
89756
11160
50099
90969
63579
74859
84147
23192
4437
61960
94023
86015
94333
33331
33043
34554
6599
63145
18648
3117
44975
68270
2283
1475
86349
4481
18604
43136
95981
33192
94830
45732
50160
64804
48589
61508
40972
71133
80505
88176
29200
34486
10421
50684
57970
16539
89609
82350
86203
10444
8790
71406
31042
67741
48706
18778
18618
31220
85654
39474
37929
87791
45309
79044
81202
71427
65329
58286
94538
39726
97196
69353
65385
12135
66176
57026
8423
17565
48681
73190
80510
68703
97396
44520
44058
25986
97052
35591
93513
24042
7790
74840
89658
88327
32500
94233
6299
56127
85917
33903
88124
63426
70768
77489
15600
27382
22246
18283
74385
581
23638
18324
14967
81905
58416
88464
84406
88974
79108
87421
83657
46105
97597
92614
32224
18115
30152
66825
83039
97664
91717
49586
74318
63412
71761
71318
98412
43671
60013
30772
67501
58134
69236
15746
40459
17881
96345
98892
43765
29420
72932
80102
52318
7774
32063
44723
85111
4239
97028
32983
59944
6671
16652
4149
84361
80470
86965
75812
29139
86154
48310
7556
65553
10614
79104
19671
99897
8341
49495
53732
89322
72904
15717
89416
70153
42567
39636
77588
72441
52077
65501
56292
84833
68361
79037
8109
21296
36681
64674
93300
38002
7654
39841
13654
72919
42684
60918
5105
48453
80555
38924
50820
55664
63856
359
86153
62513
70166
66208
39020
14231
23261
14684
55020
23290
43243
26837
95095
71578
29718
1107
94378
90091
65886
76788
52269
55132
99676
64031
11154
98092
1346
5041
89427
67582
70113
40124
32058
97686
17070
44438
32833
32940
89981
98528
10619
91258
4369
3722
80807
45720
93378
78928
29241
1120
74524
52858
77651
76293
46798
69531
71244
32488
93605
11206
62545
28659
62447
59932
12890
50826
32106
8331
32990
99461
24351
49227
95841
69297
75427
50307
85364
38933
26083
68447
2956
50534
88171
67617
23164
78732
27034
41824
3267
97437
17962
75707
4949
71543
66890
74975
64982
74622
61167
61021
38924
11331
34454
1331
3870
55529
61850
17983
86607
50426
86783
90039
52818
62267
90005
42643
34960
23964
12984
85678
91239
26513
67930
56326
90338
60194
55031
8587
31548
56343
88107
23022
74617
31990
53078
86804
94480
55499
26548
70970
71827
56988
47095
62548
23870
63606
62739
69620
92066
39892
93817
11661
53140
45102
12101
79250
69579
58102
14066
95452
53851
99258
35516
59355
4909
1236
73999
54837
81649
17893
63972
7862
64658
32782
80071
39802
34352
69457
45652
85244
85835
73598
39395
45762
39547
29107
32357
8597
22380
36884
81252
94802
86347
43648
8319
53578
2297
37116
49876
57186
45279
6955
41048
85544
68726
76429
87847
922
90790
81736
51779
6600
46840
70822
55700
17506
46561
81450
55259
26102
49000
76259
34621
21594
99989
76994
87073
13394
65509
41713
57926
54623
6760
13449
52517
29363
54109
97872
62694
33177
80929
14760
81484
83260
78638
43290
21378
88668
20891
81020
21391
38522
49093
56288
61546
97387
16094
98891
45445
96755
37115
15280
47266
31809
19430
35630
55175
24014
63607
95206
39617
33926
56603
24679
71722
82696
33743
3770
37895
94455
31530
94101
25554
60712
30559
52811
58469
56418
67848
21410
68586
77821
80408
93765
56240
18040
13767
57698
41123
61015
47101
93355
10665
58079
18022
52193
90921
84666
49916
97134
62517
19879
88071
72364
60262
44890
13905
53470
53274
49286
65766
27702
60003
60566
66736
29111
45135
78458
77524
75261
21338
87141
67416
32632
47218
52116
91666
40599
84112
61211
68787
40965
82500
70714
97590
42891
36130
8737
88173
87555
36952
89531
70825
30887
23064
79297
42665
84982
11013
210
18730
23365
13147
61662
83080
2690
59302
94211
21056
42299
99797
39954
23938
78330
65543
55483
75129
49445
9470
58757
31657
70283
78082
25678
62534
48186
23286
18438
18910
91506
74463
93106
97136
13659
14529
72280
60956
44730
90105
34278
74161
2623
31096
14486
56078
24983
92870
28727
70149
54828
79162
5044
78307
61668
95010
20146
10723
77127
59746
56477
8804
1614
53017
97869
92631
22580
76001
17781
84047
5629
44572
80821
85989
50090
37186
54266
73519
95690
89164
49548
25288
98654
50136
20868
79004
57988
2288
2702
19825
1327
37911
71457
5287
30635
11074
60418
3383
5606
53580
92882
27104
39169
74984
5630
4525
48220
91481
78414
97350
89260
51132
12280
76029
74653
32964
86086
2629
24315
30408
9768
11510
81980
25628
99576
51891
11945
5838
50243
70833
71859
1395
70149
70879
81521
23081
92578
62164
99252
89327
9047
19801
85615
49317
52453
71337
69612
41098
49991
42964
59566
90941
86437
14746
37701
1977
84865
9849
53842
11729
70860
73025
15703
43502
52630
33682
63464
80792
91190
35118
25032
37285
55768
75873
53453
21449
68548
47791
13127
93247
61335
1779
92990
18432
6819
83374
37362
66305
71991
77887
79978
75097
93980
7003
3390
80328
42939
80783
16714
52981
1823
33251
62204
15351
96579
59988
17401
43900
73464
60234
68203
96714
47048
47269
72737
64929
93710
30258
18676
87364
263
38068
8451
55223
5728
40115
63155
34179
47818
60351
85583
37497
75485
94233
92583
37675
65590
12869
16708
97156
65294
7848
61429
61497
97199
61096
48350
15076
33652
78790
62573
53097
31214
61561
25602
62584
5942
95036
45361
70452
87659
46483
89238
99673
92932
27893
6254
49867
79309
62721
68674
93037
54335
59030
15342
17486
22747
13641
1752
33647
68104
5827
23041
77945
82208
85751
56767
3280
35397
27379
49337
3542
17500
55009
85875
86925
90871
93162
49655
81709
72761
76495
41138
80237
95922
5990
13189
74523
91009
99199
81689
97847
84693
27793
23307
75717
25992
46060
67692
37139
31327
43378
13495
9549
80351
24355
51925
30173
48448
54406
49079
82699
38890
53151
49155
53666
69589
29713
12624
72050
84796
96298
98844
98250
95996
81461
92212
8838
14451
81845
28508
85580
9072
43728
8351
28417
75747
80971
87023
8511
40444
59220
99835
12966
9383
13864
98945
31592
1804
17323
15943
10546
44202
76254
6454
87574
41175
36667
69402
43391
53468
76174
76487
44503
88415
62267
2421
57120
52580
26128
57806
703

