226
213
340
455
533
531
918
305
866
608
967
364
595
619
519
73
964
851
426
480
64
684
205
390
765
505
607
112
931
994
337
46
460
560
510
560
917
884
475
324
547
851
743
245
487
196
620
813
834
247
555
163
633
623
212
941
841
305
595
799
491
858
315
418
649
61
583
438
14
314
35
607
498
415
919
947
788
627
539
833
317
965
468
411
955
833
61
68
314
354
454
267
524
641
209
934
290
116
391
207
169
575
582
778
126
622
534
84
721
224
190
285
253
333
739
918
142
497
370
355
17
590
489
690
991
981
281
962
745
53
942
261
605
442
804
341
215
759
908
882
528
307
844
473
35
440
10
358
722
334
138
763
84
156
330
198
746
191
381
534
45
409
28
14
34
803
102
177
93
714
617
987
80
917
678
382
549
588
936
618
327
43
605
818
373
364
515
102
71
952
395
811
134
622
474
812
55
90
930
468
89
103
125
313
418
997
626
314
645
771
653
985
166
861
523
242
107
862
715
897
37
207
493
464
212
350
246
758
83
