570
218
355
899
862
938
720
719
645
90
151
240
191
721
907
855
699
9
254
661
242
340
176
614
293
583
740
706
833
553
177
247
206
620
447
712
715
875
118
184
444
890
74
567
980
89
825
483
338
809
186
408
600
556
423
352
918
664
643
459
587
373
789
824
460
882
419
393
835
419
87
307
377
309
461
107
651
488
722
929
960
564
758
720
368
420
522
820
62
837
835
194
95
103
804
259
481
138
967
48
796
242
29
23
971
252
976
212
724
470
168
1000
3
666
546
861
170
579
522
656
164
957
362
621
885
353
408
70
499
198
964
140
823
657
942
723
884
589
756
162
495
451
905
8
549
779
983
800
599
528
814
357
224
664
793
702
837
289
296
795
484
613
800
445
77
350
212
377
227
338
735
981
820
239
375
769
52
223
235
975
62
485
197
988
242
798
305
540
919
193
4
912
794
567
221
483
701
443
334
608
993
65
747
806
227
563
473
580
162
455
424
692
318
657
185
891
427
983
657
767
11
16
708
607
783
652
105
511
214
654
764
608
924
852
935
43
276
333
151
879
374
625
93
134
17
573
394
500
177
724
73
943
450
494
40
999
594
348
806
103
314
225
518
538
533
778
987
646
872
143
985
388
216
255
354
677
534
847
598
598
718
803
425
972
106
187
104
224
243
303
747
652
841
499
620
28
109
315
191
822
269
255
704
705
400
64
951
361
549
697
630
417
184
422
657
751
141
823
420
219
74
942
697
247
713
996
743
744
883
495
427
275
869
495
514
672
70
132
188
282
647
617
755
917
409
124
113
230
18
131
797
766
592
647
198
23
291
180
989
204
823
671
855
509
183
542
673
1000
555
803
641
313
930
449
979
578
832
157
345
435
305
813
201
555
627
444
755
908
1000
139
544
210
97
25
100
748
19
20
35
889
621
917
351
116
120
480
48
569
301
593
858
509
970
767
226
64
309
564
105
62
14
834
407
673
897
287
560
560
777
129
922
348
126
731
140
365
471
86
577
424
536
80
210
379
893
720
279
503
932
46
654
653
199
103
506
953
439
783
717
194
417
54
645
183
652
347
418
154
825
563
406
785
353
34
795
231
162
239
80
599
98
436
204
177
10
580
561
210
163
627
938
448
972
217
932
587
681
55
936
525
85
807
327
90
617
351
860
577
602
822
613
888
726
86
82
531
687
952
388
325
70
986
854
500
168
340
983
945
92
293
190
557
507
58
508
117
246
416
837
543
299
885
238
178
480
506
104
961
774
739
907
800
150
380
355
781
143
829
71
472
229
935
348
458
899
349
941
153
58
323
22
743
405
