433
79
122
524
592
124
57
113
255
755
14
465
530
805
853
430
120
311
555
333
144
373
970
148
403
888
434
764
140
801
161
447
423
435
308
554
572
324
571
108
76
156
760
853
147
859
384
55
580
143
368
784
816
963
664
37
623
409
451
232
52
953
365
395
964
583
163
746
871
344
422
205
645
604
183
659
42
653
596
55
339
727
33
389
934
789
448
685
637
682
505
727
251
781
777
94
949
314
583
765
385
656
354
428
162
837
340
59
529
955
649
676
933
206
160
781
556
876
376
531
63
475
204
912
881
317
215
110
200
126
136
153
130
292
599
569
169
334
997
389
183
566
328
264
234
358
332
702
960
470
330
728
468
236
108
51
911
313
294
917
63
123
167
696
106
485
461
68
819
535
828
457
356
972
743
81
490
583
989
402
876
604
797
42
260
541
537
857
827
514
982
778
336
927
434
929
530
169
981
509
705
105
168
487
728
407
528
593
757
103
323
512
255
575
225
954
7
222
252
920
559
966
24
260
421
995
203
884
576
810
813
693
97
746
513
280
12
285
346
663
900
95
974
824
649
830
390
129
509
712
395
370
530
543
538
821
789
280
265
473
366
375
63
378
357
891
575
522
686
32
197
979
37
672
766
538
946
216
772
701
182
249
40
53
340
700
205
229
224
428
171
584
939
975
450
918
212
93
610
767
136
767
73
726
938
17
324
910
139
999
147
904
83
787
961
531
749
189
322
746
31
409
547
65
527
380
677
920
798
559
162
534
768
562
846
750
58
169
118
861
658
154
20
801
994
389
272
171
29
538
744
133
432
238
57
413
738
366
242
616
195
905
952
103
632
561
876
532
13
994
886
597
985
746
149
904
965
63
396
789
965
843
223
791
476
59
219
634
220
891
985
846
652
275
986
434
919
612
980
633
267
955
475
160
574
621
672
125
699
257
981
881
731
209
135
231
476
840
762
306
869
460
984
346
375
605
202
511
501
476
876
444
252
396
254
